18 (0.423491,3.29474e-17) (1.52689,-1.66344e-16) (-1.53382e-16,0.0206312) (1.15154e-16,-0.0206312) (-1.47386e-16,-0.0206312) (2.75785e-16,0.570563) (-3.78575e-17,-0.570563) (-4.65853e-17,-0.570563) (-3.88263e-16,-6.24275e-17) (-0.0815169,-7.79935e-17) (-0.0815169,3.87591e-17) (-1.21365e-15,-7.18123e-17) (0.0815169,9.45794e-18) (1.86155e-16,1.81874e-16) (0.479744,4.38836e-17) (0.479744,-1.44584e-16) (2.75653e-16,1.80245e-18) (-0.479744,9.03215e-17)
 (0.338842,2.68519e-17) (1.88137e-17,0.810527) (-9.1989e-17,-0.810527) (2.83032e-17,-0.810527) (6.20067e-17,-1.50824) (5.4191e-17,1.50824) (1.97306e-16,1.50824) (1.95008e-16,-7.47911e-18) (0.118679,-2.17976e-17) (0.118679,1.16819e-16) (3.27119e-16,-1.35419e-16) (-0.118679,2.32873e-16) (-7.45721e-17,-2.53891e-16) (-0.97759,1.485e-16) (-0.97759,6.25834e-17) (-7.24113e-16,-4.23586e-17) (0.97759,-1.83786e-16)
 (0.13391,6.00314e-17) (0.0145737,-3.8638e-17) (0.0145737,-5.50383e-18) (0.501632,-6.73644e-17) (-0.522986,-1.48431e-16) (-0.522986,-2.81314e-16) (1.29592e-16,0.0116825) (2.00096e-16,0.0851863) (-1.20998e-16,0.0851863) (-3.49168e-16,7.46655e-16) (2.81228e-16,-0.0693037) (-7.47595e-18,-0.0207169) (-9.49791e-18,-0.410367) (1.48215e-16,-0.410367) (-1.44759e-17,-6.07565e-17) (1.95807e-16,0.431833)
 (0.13391,3.11023e-17) (-0.0145737,-6.37865e-17) (-0.522986,1.24372e-16) (0.501632,3.65848e-17) (0.522986,1.32093e-16) (6.8104e-18,0.00584127) (1.35362e-16,-0.0851863) (4.36967e-16,-0.0693037) (-1.14414e-16,-0.0101174) (3.91247e-16,0.0851863) (-9.06444e-17,-0.0103585) (9.13462e-18,0.410367) (-2.92734e-17,0.431833) (-2.34093e-17,0.0179414) (7.12904e-17,-0.410367)
 (0.13391,-1.05776e-16) (-0.522986,-1.178e-16) (0.522986,2.54082e-16) (0.501632,2.10709e-16) (2.61357e-16,0.00584127) (2.6916e-16,-0.0693037) (3.14449e-17,-0.0851863) (-1.142e-16,0.0101174) (8.59609e-17,0.0851863) (-1.60513e-17,-0.0103585) (3.90313e-17,0.431833) (-2.26831e-17,0.410367) (5.8158e-17,-0.0179414) (-5.78963e-18,-0.410367)
 (-1.15828,1.33961e-16) (1.4357,-8.50867e-17) (1.4357,4.63344e-17) (-1.26961e-16,-0.037921) (-1.12016e-16,-0.116874) (-3.83387e-16,-0.116874) (-7.41177e-16,-1.13075e-15) (-2.04209e-16,0.116641) (-1.35279e-16,-0.00539863) (-5.84504e-17,1.04735) (2.75877e-16,1.04735) (5.94007e-17,3.68536e-16) (-1.31405e-16,-1.03543)
 (-1.15828,-2.98878e-17) (-1.4357,6.6911e-17) (1.93823e-16,-0.0189605) (2.14127e-16,0.116874) (-9.99635e-17,0.116641) (-4.85491e-17,0.0328406) (-1.27095e-16,-0.116874) (-8.51285e-18,-0.00269932) (-1.28111e-16,-1.04735) (3.29598e-17,-1.03543) (-1.7408e-16,0.00467535) (4.31531e-17,1.04735)
 (-1.15828,2.32978e-17) (2.03804e-16,-0.0189605) (-8.47846e-17,0.116641) (1.30934e-16,0.116874) (-2.88719e-16,-0.0328406) (2.24794e-17,-0.116874) (5.00338e-17,-0.00269932) (-2.0383e-16,-1.03543) (-4.94252e-17,-1.04735) (2.98274e-17,-0.00467535) (5.64344e-17,1.04735)
 (-2.16329,3.26815e-18) (-0.00469902,1.32217e-17) (-0.00469902,-2.23598e-17) (-2.84437e-16,-5.73898e-17) (-0.00939805,4.9971e-19) (-0.104286,-3.23315e-16) (0.0169294,3.25898e-17) (0.0169294,3.25935e-17) (-1.05527e-16,7.96468e-17) (0.0338587,5.71272e-17)
 (-2.19198,1.98242e-17) (-0.0122473,3.42994e-17) (-0.00813895,-4.23467e-18) (0.0122473,-1.41157e-17) (0.0146024,9.34747e-17) (-0.00366709,2.80924e-17) (0.0937982,-2.40144e-16) (0.025292,3.4482e-16) (-0.0937982,1.83013e-16)
 (-2.19198,3.77227e-18) (0.00813895,1.3467e-17) (0.0122473,1.66734e-17) (0.0146024,1.88931e-16) (0.0937982,2.80985e-16) (-0.00366709,4.64311e-17) (-0.025292,1.34799e-16) (-0.0937982,-2.61449e-16)
 (-2.16329,-4.26509e-18) (5.79425e-16,2.86874e-17) (-9.97671e-17,-3.8595e-16) (0.0293225,-2.57447e-16) (-0.0293225,-1.88484e-16) (-0.104286,-6.18526e-16) (-1.12172e-15,-2.95155e-16)
 (-2.19198,5.6269e-18) (0.0292047,-1.9506e-16) (-0.0937982,2.61558e-16) (-0.0937982,3.74002e-16) (-7.481e-17,-7.56459e-17) (-0.00366709,-3.57279e-16)
 (0.605037,1.90458e-16) (-0.0448757,-4.86781e-17) (-0.0448757,8.98809e-18) (-8.33104e-18,1.35113e-16) (-0.0897513,6.55395e-18)
 (-0.0133481,-6.40176e-17) (-0.724545,-2.86334e-16) (-0.0777269,2.92309e-18) (0.724545,1.07685e-16)
 (-0.0133481,8.53782e-17) (0.0777269,1.19351e-16) (0.724545,-1.16921e-16)
 (0.605037,7.48651e-17) (2.61293e-16,-3.50266e-17)
 (-0.0133481,1.14725e-16)
