18 (0.187479,4.78401e-31) (0.41548,-6.25543e-31) (1.47593e-16,-8.92742e-15) (-1.19143e-16,-5.16149e-31) (3.37842e-17,-8.36624e-31) (-5.05383e-16,8.36657e-15) (1.15232e-16,8.01188e-32) (1.97577e-16,-4.26478e-30) (-0.0916035,-7.08838e-31) (1.61892e-16,1.55808e-31) (-4.93341e-16,-8.7418e-31) (1.89616e-16,1.12609e-30) (2.69609e-17,8.09854e-31) (0.864666,1.55924e-30) (1.20568e-17,1.62394e-30) (1.64549e-16,6.08594e-31) (1.22564e-16,6.88713e-31) (2.20755e-16,-6.59438e-31)
 (0.957619,6.28619e-31) (-1.54333e-16,-6.19901e-15) (1.27449e-17,-1.97215e-31) (9.18375e-17,-1.29885e-30) (-4.6847e-17,3.90705e-15) (-2.41579e-16,1.31271e-30) (2.10316e-16,-1.91052e-31) (-0.236136,-3.92889e-31) (6.47302e-17,1.32812e-30) (-8.3891e-17,-1.67749e-31) (-1.17315e-15,2.16282e-31) (3.30091e-16,3.6169e-31) (0.500344,6.16365e-32) (-2.02316e-16,-3.24789e-30) (4.02077e-16,1.30347e-30) (4.07794e-16,-5.73157e-31) (8.28705e-18,-9.11008e-38)
 (2.21378,-3.08967e-31) (4.06819e-17,-1.72101e-30) (1.64733e-18,5.89335e-31) (-1.07575,-2.09544e-31) (-8.61791e-17,3.10999e-30) (-5.71412e-17,1.56925e-30) (2.12229e-16,1.00036e-16) (-2.92214e-16,1.23736e-30) (4.07274e-16,-2.24598e-30) (3.4151e-16,-8.84989e-30) (-5.57754e-17,6.31179e-19) (3.1493e-18,5.15781e-15) (1.72214e-16,1.26919e-30) (2.79349e-16,9.34846e-31) (3.08438e-17,4.86883e-31) (2.27899e-16,-1.13988e-17)
 (0.308748,-2.21867e-31) (-3.63324e-17,6.24001e-32) (-6.59867e-18,8.25839e-31) (0.107971,1.35277e-30) (1.32949e-16,4.03675e-31) (-1.67367e-16,1.23462e-30) (-9.79856e-17,2.61851e-16) (4.40545e-16,6.22385e-19) (2.79239e-16,-1.52384e-30) (1.69121e-16,-2.73289e-31) (1.77758e-17,1.58388e-30) (-9.45152e-17,-2.89226e-16) (4.01155e-17,-1.13268e-17) (6.39773e-17,2.92744e-32) (7.64945e-17,4.31408e-31)
 (0.308748,4.2409e-31) (-2.43516e-16,1.80267e-30) (-4.65945e-17,-3.86726e-31) (0.107971,-8.19675e-31) (2.2898e-16,1.76078e-31) (1.79585e-16,6.22385e-19) (-3.07138e-16,2.61851e-16) (2.93451e-18,-6.10568e-31) (-1.3893e-16,7.45624e-31) (1.15571e-16,1.39591e-30) (-2.73219e-17,-1.13268e-17) (-6.48586e-17,-2.89226e-16) (-6.11043e-17,8.79765e-31) (3.84458e-17,1.29422e-30)
 (0.7393,-2.02144e-30) (-1.27207e-16,-2.00297e-31) (-1.86909e-16,-1.69174e-30) (-1.53673e-16,-6.99539e-16) (-1.40748e-16,-1.44157e-31) (2.27317e-16,-8.70472e-31) (6.14103e-16,8.2451e-30) (2.48391e-16,-1.12323e-18) (-1.22702e-16,9.93586e-15) (1.45597e-16,1.45292e-30) (2.09849e-16,-4.39122e-32) (2.68435e-16,4.71433e-31) (1.27069e-16,7.78563e-18)
 (0.26093,8.38163e-31) (-1.76452e-16,1.21411e-30) (-8.0372e-17,6.61364e-31) (-1.0194e-17,1.42952e-16) (-1.75478e-16,-1.0945e-18) (-3.01249e-16,1.52245e-30) (-2.58392e-16,3.92888e-32) (1.18989e-16,-2.19402e-30) (1.98017e-16,-5.71992e-16) (3.46945e-17,7.59769e-18) (-2.94644e-16,-1.79959e-30) (-3.61038e-16,-1.664e-30)
 (0.26093,-9.49106e-31) (-7.40226e-17,1.88163e-31) (-7.02021e-17,-1.0945e-18) (1.79764e-16,1.42952e-16) (-1.09419e-16,-6.20149e-31) (1.79201e-16,-1.04347e-30) (-1.58133e-16,1.17096e-31) (1.05818e-16,7.59769e-18) (-1.52641e-16,-5.71992e-16) (1.5733e-16,-1.02305e-30) (-1.98931e-17,-1.72563e-30)
 (-2.15163,-1.29037e-32) (8.93998e-17,-9.74039e-32) (-4.43881e-16,4.88669e-31) (-2.15444e-16,3.81346e-31) (3.8961e-16,-6.42177e-32) (-0.0524042,-2.44169e-30) (9.72532e-17,-1.85621e-30) (4.59341e-16,7.93098e-31) (4.58818e-17,3.41467e-31) (-4.67011e-16,-2.43052e-31)
 (-2.13348,-9.41299e-32) (-4.02629e-16,-3.33366e-31) (-2.31613e-16,2.19321e-31) (1.10094e-15,2.32255e-31) (1.45825e-16,-2.27414e-30) (-0.255067,2.00846e-30) (-7.83992e-16,2.74522e-30) (1.00534e-16,-1.20178e-30) (-8.42454e-17,-8.77454e-31)
 (-2.13348,-8.37223e-32) (-8.62703e-17,-3.14697e-31) (1.19331e-16,2.41463e-31) (7.02475e-17,2.44207e-31) (-3.76989e-16,-3.37871e-30) (-0.255067,-5.46602e-31) (2.49581e-16,-6.54046e-31) (-2.97429e-16,-6.94298e-31)
 (-2.1435,4.70062e-32) (4.67249e-16,7.46177e-32) (-1.70626e-15,5.59868e-31) (5.91352e-16,9.68743e-31) (-2.17141e-16,3.2321e-30) (-0.0188432,-8.59976e-31) (-4.59648e-16,-8.8978e-32)
 (-2.20219,8.59447e-33) (-8.07643e-17,-6.6252e-31) (-3.34479e-16,-9.45246e-31) (-3.06882e-17,-1.91476e-30) (2.00632e-16,1.07659e-30) (0.0114137,1.14246e-30)
 (-1.09027,-4.6837e-31) (-2.56763e-16,-2.4652e-31) (-1.06597e-16,-1.26957e-30) (-1.32362e-16,-4.31417e-32) (1.30352e-16,-1.73796e-30)
 (0.591668,-4.71461e-31) (1.78322e-17,-6.66064e-30) (1.75096e-17,9.27528e-31) (-6.66135e-16,3.01986e-30)
 (0.591668,1.88742e-30) (5.31312e-17,-3.32802e-31) (-3.33413e-16,1.26341e-30)
 (0.606078,1.00071e-30) (-9.77952e-17,-1.04771e-30)
 (0.854755,1.72562e-31)
