18 (0.335743,5.20001e-32) (0.754541,-4.77631e-31) (-4.0373e-17,-8.4472e-15) (6.36698e-17,8.45058e-15) (-1.34983e-17,8.4472e-15) (-2.9924e-17,9.8366e-15) (7.6111e-17,-9.8451e-15) (-1.00018e-16,-9.8366e-15) (-1.10758e-17,5.77779e-33) (0.187183,1.21622e-31) (0.187183,-2.11612e-32) (1.07353e-17,-2.02945e-32) (-0.187183,-2.99482e-32) (-6.18537e-17,2.52682e-31) (-0.901369,-9.05187e-31) (-0.901369,-6.93335e-33) (1.55041e-17,-4.22934e-31) (0.901369,4.62223e-32)
 (1.81925,7.54965e-32) (-7.62736e-17,-8.42859e-15) (-8.32125e-18,8.4223e-15) (-2.43674e-17,8.42859e-15) (5.73543e-17,1.36075e-14) (-2.60209e-18,-1.3593e-14) (-2.04914e-16,-1.36075e-14) (4.62954e-17,4.55482e-32) (0.466955,-3.4426e-32) (0.466955,-5.86446e-32) (-1.95495e-17,-1.46852e-32) (-0.466955,3.75556e-32) (-1.75749e-16,-1.04771e-31) (-2.07767,1.27882e-31) (-2.07767,-2.33423e-31) (1.54824e-16,2.61926e-31) (2.07767,-2.2803e-31)
 (1.2008,-1.73996e-31) (-1.1129,-3.45608e-31) (-1.1129,2.91201e-31) (-0.945076,1.278e-30) (0.925464,-7.83853e-32) (0.925464,-5.20001e-32) (1.1645e-17,5.18602e-17) (-7.27093e-18,9.7303e-16) (-1.56083e-17,9.72786e-16) (-3.96708e-18,1.2994e-18) (-1.13502e-19,-1.11008e-15) (-3.14961e-17,-9.42175e-18) (-5.02528e-17,-1.28374e-14) (3.01679e-17,-1.28311e-14) (1.28478e-17,-2.60089e-17) (-9.84727e-17,1.26343e-14)
 (1.2008,1.092e-31) (1.1129,1.05637e-31) (0.925464,-7.83853e-32) (-0.945076,-4.69927e-32) (-0.925464,-4.23705e-33) (-4.77049e-18,2.76533e-17) (1.57413e-17,-9.70187e-16) (1.89685e-17,-1.11008e-15) (-3.53213e-18,-4.7897e-17) (5.32276e-18,9.70187e-16) (-9.29161e-17,-3.92784e-17) (8.29415e-18,1.2779e-14) (-1.42844e-17,1.26343e-14) (1.36881e-17,6.80322e-17) (7.80626e-18,-1.2779e-14)
 (1.2008,-5.35409e-32) (0.925464,-5.20001e-32) (-0.925464,-4.23705e-33) (-0.945076,7.89631e-32) (-3.17163e-17,2.70554e-17) (1.89685e-17,-1.11008e-15) (-1.02067e-18,-9.72786e-16) (-2.24515e-17,4.42625e-17) (-5.41762e-18,9.7303e-16) (-2.84061e-17,-2.72353e-17) (-1.42844e-17,1.26343e-14) (4.53197e-17,1.28311e-14) (3.46403e-17,4.84499e-18) (-5.24212e-17,-1.28374e-14)
 (0.781606,1.55538e-30) (-0.758617,6.26312e-31) (-0.758617,-8.01187e-32) (5.74763e-17,-2.66738e-16) (-1.04693e-18,-2.44338e-15) (1.27089e-17,-2.44249e-15) (1.17229e-18,-3.58274e-18) (7.16929e-18,2.22707e-15) (-1.53306e-16,-5.20526e-17) (1.20238e-16,1.88787e-14) (-1.41326e-16,1.88555e-14) (8.34836e-18,6.82478e-17) (-2.76472e-17,-1.87233e-14)
 (0.781606,3.7286e-31) (0.758617,4.16001e-32) (-2.05117e-17,-1.38184e-16) (3.90313e-18,2.43532e-15) (2.77827e-19,2.22707e-15) (-1.05032e-17,2.39341e-16) (6.36969e-19,-2.43532e-15) (1.71087e-16,6.63039e-17) (5.33427e-17,-1.8719e-14) (5.37764e-17,-1.87233e-14) (-3.16587e-17,-1.14842e-16) (-2.34188e-17,1.8719e-14)
 (0.781606,-2.74252e-31) (2.39202e-18,-1.36472e-16) (2.77827e-19,2.22707e-15) (3.45047e-17,2.44249e-15) (6.98972e-18,-2.29211e-16) (-1.02593e-17,-2.44338e-15) (4.49944e-17,3.3078e-17) (5.37764e-17,-1.87233e-14) (-2.58474e-16,-1.88555e-14) (4.17418e-17,-7.92028e-17) (1.0842e-18,1.88787e-14)
 (0.958799,9.24747e-33) (0.0229596,-1.94338e-32) (0.0229596,-5.82293e-33) (-1.51646e-17,7.24932e-33) (0.0459192,2.22084e-33) (-0.0173659,3.68816e-32) (-0.00300317,-5.90298e-32) (-0.00300317,7.70372e-33) (5.09236e-17,3.18741e-32) (-0.00600634,-1.04385e-31)
 (1.03144,1.40924e-32) (0.0946289,1.7544e-33) (0.0397672,6.71367e-33) (-0.0946289,1.14232e-32) (-0.00300317,-5.90298e-32) (-0.617604,-2.51141e-31) (-0.479265,3.22112e-32) (-0.00520164,-4.00593e-32) (0.479265,-1.89319e-31)
 (1.03144,6.91379e-33) (-0.0397672,-3.84885e-33) (-0.0946289,5.00742e-33) (-0.00300317,7.70372e-33) (-0.479265,3.22112e-32) (-0.617604,3.37519e-32) (0.00520164,-1.43963e-32) (0.479265,2.02126e-31)
 (0.958799,-1.09011e-32) (-3.5741e-17,3.14769e-33) (5.09236e-17,3.18741e-32) (-0.00520164,-4.00593e-32) (0.00520164,-1.43963e-32) (-0.0173659,-9.22039e-32) (7.60703e-17,2.31112e-32)
 (1.03144,-1.4276e-32) (-0.00600634,-1.04385e-31) (0.479265,-1.89319e-31) (0.479265,2.02126e-31) (7.60703e-17,2.31112e-32) (-0.617604,1.61393e-31)
 (0.0442384,6.48653e-31) (0.000571371,4.68386e-31) (0.000571371,-6.16298e-33) (9.21572e-18,-6.0089e-32) (0.00114274,2.00297e-31)
 (2.64284,1.72563e-31) (2.57914,2.58845e-31) (0.000989644,-1.52534e-31) (-2.57914,-3.88267e-31)
 (2.64284,3.22015e-31) (-0.000989644,1.84889e-31) (-2.57914,6.96416e-31)
 (0.0442384,-8.39705e-32) (-2.8753e-16,-1.32504e-31)
 (2.64284,1.76261e-30)
