18 (0.0931336,-5.55823e-31) (0.277012,-4.49127e-31) (4.27582e-17,-7.4234e-15) (-4.06847e-17,-2.24563e-31) (4.19044e-17,-9.66046e-31) (3.85976e-17,6.0238e-15) (3.23092e-17,8.46254e-31) (2.32561e-17,9.94935e-31) (-0.156571,1.84649e-32) (2.69831e-17,1.04241e-32) (1.32866e-17,-5.32038e-33) (-2.5765e-17,-1.61658e-32) (-5.17707e-18,-2.51815e-32) (0.538973,-2.05304e-31) (7.11779e-17,-2.19556e-32) (-1.49918e-16,3.46667e-31) (1.00289e-16,-9.43706e-32) (3.4586e-17,1.81037e-31)
 (1.0434,-6.31705e-32) (5.50233e-17,-1.69691e-14) (-2.95445e-18,7.10668e-32) (1.52601e-17,5.04594e-32) (6.58111e-17,1.72228e-14) (-9.54098e-18,-7.02579e-31) (-1.79978e-17,6.93335e-32) (-0.583984,1.15556e-33) (1.05439e-17,-5.42149e-32) (2.77319e-17,1.6498e-31) (-1.07905e-16,-3.78927e-32) (-2.19009e-17,2.92741e-32) (2.01481,3.1123e-31) (-1.95156e-17,2.60386e-31) (3.92481e-17,3.75171e-31) (4.9895e-16,-1.15556e-32) (7.04731e-17,1.54074e-33)
 (1.89686,2.63696e-31) (4.77794e-17,3.44308e-31) (9.79712e-17,1.15122e-31) (-0.875939,-2.18769e-30) (-1.50975e-17,-8.66765e-31) (7.20994e-17,-2.10793e-31) (-2.75455e-18,-4.94045e-15) (-1.21905e-17,-1.41496e-31) (-3.39237e-18,2.32586e-32) (1.18881e-18,4.78744e-31) (-5.37019e-19,-5.3303e-19) (1.07173e-16,3.73678e-14) (2.77014e-17,-3.80467e-31) (-5.70561e-17,-1.8696e-30) (2.78098e-17,-5.27416e-31) (4.79759e-18,1.22049e-17)
 (0.177012,8.61854e-32) (-8.52115e-17,-8.10817e-32) (-1.50975e-17,-8.66765e-31) (0.0790352,-3.14697e-31) (-3.08998e-18,5.18075e-32) (-1.90311e-17,-1.74008e-31) (2.03966e-18,4.67609e-16) (1.22481e-18,-5.3303e-19) (-1.06557e-18,-1.88982e-32) (3.85061e-17,1.8513e-32) (5.80048e-17,-2.15704e-32) (-1.08962e-17,3.52039e-17) (-2.38796e-17,1.22049e-17) (2.66985e-17,7.31853e-32) (-2.34188e-17,-4.72238e-31)
 (0.177012,-5.7099e-31) (7.20994e-17,-2.10793e-31) (-3.08998e-18,5.18075e-32) (0.0790352,5.77779e-32) (-1.82248e-17,-1.96373e-31) (1.22481e-18,-5.3303e-19) (7.82404e-18,4.67609e-16) (-4.13521e-18,2.71676e-32) (-2.77048e-17,2.34675e-31) (3.90313e-17,6.34401e-31) (-2.38796e-17,1.22049e-17) (-6.35342e-17,3.52039e-17) (5.03612e-17,-4.19853e-31) (-1.2631e-17,5.76623e-31)
 (0.415525,-2.50823e-30) (9.47593e-17,1.92208e-31) (-1.17744e-16,-5.15764e-31) (3.25125e-17,7.32789e-15) (-9.57825e-18,-3.26409e-31) (-9.67312e-18,-1.57132e-31) (-1.0781e-17,4.70312e-31) (-2.50722e-18,1.76964e-18) (-1.76291e-16,-3.61633e-14) (-5.7788e-17,1.98294e-30) (5.97937e-17,2.25719e-31) (-9.43256e-18,-2.56688e-30) (-1.05168e-17,-4.08694e-17)
 (0.0461079,-3.74401e-31) (-2.09251e-17,-5.36949e-31) (1.00966e-18,1.6746e-31) (2.71051e-18,1.99093e-16) (-2.55465e-18,1.76964e-18) (1.19262e-18,-1.17e-32) (6.08508e-18,2.26393e-31) (1.45283e-17,6.08594e-31) (5.76796e-17,1.61908e-17) (1.9082e-17,-4.08694e-17) (1.25767e-17,-6.93335e-33) (-2.60209e-18,-3.26638e-31)
 (0.0461079,-3.89038e-31) (1.00221e-17,2.88408e-32) (-2.55465e-18,1.76964e-18) (-1.76183e-18,1.99093e-16) (2.34798e-18,-1.05252e-31) (1.91497e-17,-1.19408e-31) (1.0842e-19,-1.81808e-31) (1.9082e-17,-4.08694e-17) (9.19403e-17,1.61908e-17) (7.77373e-17,-2.61926e-32) (-8.78204e-17,-1.14785e-30)
 (1.25819,-6.78499e-32) (-2.63851e-19,2.80343e-32) (-1.61762e-18,-3.93612e-33) (-5.05185e-17,1.12832e-32) (3.07939e-18,-3.86992e-33) (-1.2398,-1.15074e-32) (3.813e-17,-4.81964e-32) (1.22244e-17,-1.18445e-31) (1.01447e-16,-3.1489e-32) (-2.83248e-18,-2.70593e-32)
 (0.875704,-1.37373e-33) (4.91576e-18,-1.91841e-33) (-6.82158e-18,-5.6183e-33) (-4.3961e-19,-4.92316e-33) (3.813e-17,-4.81964e-32) (-0.0065171,1.37223e-32) (5.97328e-18,-1.59611e-32) (1.17907e-18,-1.08334e-32) (-3.33392e-18,-7.90594e-32)
 (0.875704,-7.32154e-33) (8.51903e-19,1.31114e-32) (-3.95649e-18,4.4176e-33) (1.22244e-17,-1.18445e-31) (5.97328e-18,-1.59611e-32) (-0.0065171,-9.88002e-32) (-4.15046e-18,9.4852e-33) (1.3932e-17,-5.6526e-32)
 (0.893434,7.40655e-33) (-1.90159e-19,-5.7477e-34) (1.01447e-16,-3.1489e-32) (1.17907e-18,-1.08334e-32) (-4.15046e-18,9.4852e-33) (-0.132319,7.99261e-33) (-1.35525e-20,2.32075e-32)
 (1.14661,-1.27051e-32) (-2.83248e-18,-2.70593e-32) (-3.33392e-18,-7.90594e-32) (1.3932e-17,-5.6526e-32) (-1.35525e-20,2.32075e-32) (-0.106919,6.70224e-32)
 (4.06289,-2.63467e-31) (-1.56992e-16,-6.6252e-32) (-4.02239e-17,-1.01304e-30) (-4.39427e-16,1.20948e-31) (1.38778e-17,-1.81808e-31)
 (0.0387481,-4.90727e-31) (-2.53703e-17,2.40356e-31) (1.32273e-17,-1.64089e-31) (9.28077e-17,6.96416e-31)
 (0.0387481,8.12742e-32) (4.46691e-17,-1.55615e-31) (-4.33681e-18,-1.77186e-31)
 (0.05497,1.14015e-31) (1.21431e-17,-2.63467e-31)
 (0.0785018,1.2326e-32)
