18 (0.340892,7.39555e-32) (0.626614,4.46816e-31) (-2.26271e-17,-5.73585e-15) (2.25627e-17,5.72748e-15) (-2.81935e-16,5.73585e-15) (-1.23744e-16,5.26198e-15) (1.10895e-16,-5.2289e-15) (-1.33321e-16,-5.26198e-15) (-3.30191e-16,3.95008e-31) (0.0101731,6.71187e-31) (0.0101731,-3.72186e-31) (-4.44873e-16,4.92653e-31) (-0.0101731,-2.49215e-31) (-1.66861e-16,-5.42341e-31) (-0.213551,-2.00297e-31) (-0.213551,1.25417e-30) (1.58783e-17,4.06756e-31) (0.213551,5.11526e-31)
 (1.97037,-1.35584e-31) (1.87407e-16,-1.28522e-15) (-2.80211e-17,1.29924e-15) (-1.15896e-16,1.28522e-15) (1.63054e-16,3.12803e-15) (7.58751e-17,-3.18528e-15) (-2.14691e-16,-3.12803e-15) (-2.69166e-16,6.08594e-32) (0.0875563,1.06696e-31) (0.0875563,-8.7495e-31) (-7.47272e-16,1.02074e-30) (-0.0875563,-1.73488e-30) (7.02774e-17,1.34353e-30) (-0.511161,-8.75142e-31) (-0.511161,-5.73153e-31) (-1.2009e-17,7.27229e-31) (0.511161,1.2326e-30)
 (1.3614,4.2746e-31) (-1.20005,-4.93038e-32) (-1.20005,2.26489e-31) (-0.97424,-5.3772e-31) (0.982478,-3.3126e-31) (0.982478,9.1058e-31) (-4.36563e-17,-1.02228e-16) (9.897e-17,-1.09791e-15) (-5.49787e-17,-1.09789e-15) (-1.87987e-16,-2.96602e-18) (1.28647e-16,9.76873e-16) (-2.4535e-16,3.30021e-16) (-5.09144e-17,5.03571e-15) (1.1249e-16,5.03885e-15) (-4.1581e-17,5.48369e-17) (3.04878e-16,-5.17757e-15)
 (1.3614,-3.9443e-31) (1.20005,-4.73008e-31) (0.982478,-4.79172e-31) (-0.97424,-1.41748e-30) (-0.982478,-9.21365e-31) (6.53302e-17,-5.42199e-17) (1.1441e-16,1.09456e-15) (3.36746e-16,9.76877e-16) (-1.87618e-16,9.39116e-17) (4.42665e-16,-1.09456e-15) (-6.46235e-17,2.18718e-16) (8.70093e-18,-5.01242e-15) (4.57533e-17,-5.17763e-15) (-3.18095e-16,-3.78831e-16) (2.89866e-16,5.01242e-15)
 (1.3614,3.16623e-31) (0.982478,1.72563e-31) (-0.982478,-3.09998e-30) (-0.97424,-1.45754e-30) (4.6867e-16,-5.36826e-17) (3.80297e-16,9.76873e-16) (-3.21327e-16,1.09789e-15) (-5.10181e-17,-8.7049e-17) (1.74784e-16,-1.09791e-15) (6.04934e-17,2.12501e-16) (2.37874e-16,-5.17757e-15) (4.78985e-17,-5.03885e-15) (-1.07074e-16,2.58388e-16) (-1.42833e-16,5.03571e-15)
 (1.01862,-1.27266e-30) (-0.754559,2.51449e-30) (-0.754559,-1.51609e-30) (-6.19499e-17,3.15809e-16) (-1.58014e-16,1.60818e-15) (-3.38582e-16,1.60901e-15) (-8.45179e-16,5.35708e-18) (-3.15503e-17,-1.58521e-15) (-2.6495e-16,-1.76768e-16) (-2.43415e-16,-1.2447e-14) (-1.81981e-16,-1.24845e-14) (1.9124e-16,-8.72793e-17) (-4.46704e-17,1.22653e-14)
 (1.01862,-2.21868e-31) (0.754559,3.32803e-31) (3.72174e-16,1.64296e-16) (2.65627e-16,-1.6003e-15) (-8.70072e-17,-1.58523e-15) (2.24643e-16,-2.84569e-16) (-1.21132e-16,1.6003e-15) (6.34781e-17,-1.84125e-16) (8.3525e-17,1.24432e-14) (2.77555e-17,1.22655e-14) (-3.4842e-16,3.18914e-16) (-1.59809e-16,-1.24432e-14)
 (1.01862,5.48507e-31) (5.31125e-16,1.62544e-16) (-2.31748e-16,-1.58521e-15) (3.26484e-16,-1.60901e-15) (8.68756e-17,2.7082e-16) (-2.36265e-16,1.60818e-15) (2.21772e-16,-1.6397e-16) (-1.38778e-16,1.22653e-14) (1.41394e-16,1.24845e-14) (-5.43064e-17,-1.09446e-16) (-1.64239e-17,-1.2447e-14)
 (-2.15696,-3.29815e-33) (-0.00948316,-7.99742e-32) (-0.00948316,1.76921e-31) (-2.50186e-16,4.31384e-31) (-0.0189663,2.93706e-33) (-0.28327,2.543e-30) (0.0328668,-4.2486e-31) (0.0328668,-1.91823e-31) (2.48248e-16,-5.54668e-31) (0.0657335,-1.2326e-31)
 (-2.20639,-1.4548e-31) (-0.039562,-2.46928e-31) (-0.0164253,2.61926e-32) (0.039562,8.73169e-32) (0.0270912,-5.78934e-31) (0.169612,-3.51675e-31) (0.251854,1.90994e-30) (0.0469233,-2.40972e-30) (-0.251854,-1.45292e-30)
 (-2.20639,-2.41734e-32) (0.0164253,-1.15893e-31) (0.039562,-1.41387e-31) (0.0270912,-1.34122e-30) (0.251854,-1.80392e-30) (0.169612,-3.54227e-31) (-0.0469233,-1.20178e-30) (-0.251854,1.76261e-30)
 (-2.15696,3.68304e-32) (6.14436e-16,-2.23697e-31) (-4.84031e-17,2.83535e-30) (0.0569269,1.71928e-30) (-0.0569269,1.22258e-30) (-0.28327,4.68998e-30) (-1.87486e-15,2.12469e-30)
 (-2.20639,-4.98816e-32) (0.0541824,1.4144e-30) (-0.251854,-2.08925e-30) (-0.251854,-2.82187e-30) (3.18701e-16,6.24772e-31) (0.169612,2.67473e-30)
 (0.618431,9.1212e-31) (0.0200619,9.86148e-32) (0.0200619,3.57453e-30) (-4.55022e-16,-1.07236e-30) (0.0401238,1.9968e-30)
 (-2.04831,-8.62834e-32) (-2.68442,1.69483e-30) (0.0347483,3.75943e-31) (2.68442,-5.42338e-31)
 (-2.04831,-1.47603e-30) (-0.0347483,-1.41748e-30) (2.68442,-6.16456e-32)
 (0.618431,-1.29413e-31) (-2.50451e-16,2.14472e-30)
 (-2.04831,6.40952e-31)
