18 (0.347538,1.25767e-17) (0.508199,7.41594e-17) (-4.63062e-17,0.131645) (2.51205e-17,-0.481425) (-2.09023e-16,-0.131645) (7.07988e-17,-0.15697) (2.12884e-17,0.388086) (-1.53144e-16,0.15697) (0.024845,-7.47015e-17) (0.0332313,-1.33655e-16) (0.0121793,-8.58552e-18) (-0.0430328,-1.07627e-16) (-0.0332313,1.19886e-16) (-0.256005,1.17094e-17) (-0.421575,-2.14672e-17) (-0.121304,-2.4503e-17) (0.443414,-1.75641e-16) (0.421575,-1.18395e-16)
 (0.899015,-7.80618e-18) (-3.39563e-17,0.0503268) (1.48586e-16,-0.372395) (2.81545e-17,-0.0503268) (-6.59457e-17,-0.194187) (-1.79151e-16,-0.0372228) (8.54091e-17,0.194187) (0.0310589,1.01508e-16) (0.012212,-6.93889e-17) (0.0483271,4.82334e-17) (-0.0537957,-1.55746e-16) (-0.012212,1.97108e-16) (-0.0699789,-2.9577e-16) (-0.238541,-1.94289e-16) (0.269912,-1.42247e-16) (0.121207,-1.01048e-16) (0.238541,2.09902e-16)
 (0.723795,2.77823e-19) (-0.590586,-1.37152e-16) (-0.499452,-4.07931e-17) (-0.167649,-7.92552e-17) (0.518461,1.7087e-16) (0.244331,4.36934e-17) (2.0826e-16,-0.035909) (-1.46722e-17,0.00859362) (6.78632e-17,0.0795002) (-1.67259e-16,0.117567) (2.50124e-18,0.00583741) (1.63966e-16,0.411299) (3.10204e-17,0.234006) (-7.74992e-17,-0.499689) (1.83924e-16,-0.791936) (1.07439e-16,-0.209919)
 (1.30752,-8.23994e-18) (0.590586,-1.3249e-16) (0.382615,1.94181e-16) (-0.292646,3.1225e-17) (-0.382615,-8.99888e-17) (5.03749e-17,0.0264455) (1.53529e-16,0.0280783) (5.7789e-17,-0.0770273) (-5.69782e-17,-0.0458049) (3.19672e-16,-0.0280783) (4.34335e-17,-0.391436) (-1.45162e-16,-0.402374) (1.22741e-16,0.795579) (6.19932e-17,0.677987) (6.76208e-17,0.402374)
 (0.723795,-1.8323e-17) (0.244331,-7.78457e-17) (-0.518461,2.27682e-17) (-0.167649,1.0777e-16) (3.45814e-16,0.0838616) (2.68111e-16,0.00583741) (3.3537e-17,-0.0795002) (-2.35815e-16,-0.0898816) (1.46211e-16,0.00859362) (5.33678e-17,-0.480187) (1.22312e-16,-0.209919) (2.34019e-17,0.499689) (-3.9052e-17,0.752164) (-2.89519e-17,0.234006)
 (0.410053,1.76725e-17) (-0.161653,-1.37477e-16) (-0.0968462,-5.20417e-17) (-2.70352e-16,-0.0211486) (-2.42977e-16,0.0301459) (-2.55325e-16,0.0039626) (-7.30417e-17,-0.0116026) (4.85324e-17,-0.0103206) (-4.48221e-17,-0.187168) (-9.89005e-17,-0.191196) (8.20892e-17,0.181563) (9.05089e-17,0.255011) (2.25881e-16,0.154795)
 (-0.214344,-2.06432e-16) (0.161653,-4.85722e-17) (1.47019e-16,-0.0099523) (1.65985e-16,0.0842284) (-5.04974e-18,0.133323) (2.43385e-16,0.0172379) (4.06724e-17,-0.0842284) (8.41659e-17,0.00531675) (-4.06917e-17,-0.398931) (4.61921e-17,-1.43325) (-1.38918e-16,-0.00920888) (2.36279e-16,0.398931)
 (0.410053,3.77303e-17) (2.08154e-16,-0.0206224) (-2.2286e-16,-0.0103206) (9.6107e-17,-0.0039626) (-5.83415e-17,-0.0125139) (-9.67654e-17,0.0301459) (2.25648e-17,0.127262) (7.29711e-17,0.154795) (2.36794e-17,-0.181563) (3.55765e-17,-0.289598) (-2.39107e-16,-0.191196)
 (-2.14761,6.09016e-19) (-0.00860827,3.6541e-18) (-0.0128675,-4.37806e-17) (-0.00280401,-3.47622e-17) (-0.00467724,-4.69764e-18) (-0.205818,-2.48147e-16) (0.00702663,-2.2977e-16) (0.135907,9.60061e-17) (0.0504089,-2.99294e-16) (0.0168288,-1.71738e-16)
 (-2.15882,7.89562e-18) (-0.0102924,7.74953e-17) (-0.000430821,2.61056e-17) (0.00912161,4.66139e-17) (0.0259512,-1.16931e-16) (-0.174365,1.67062e-16) (0.0653314,-3.33575e-16) (-0.0295549,8.05022e-18) (-0.00946598,-1.29345e-16)
 (-2.19148,5.18278e-19) (0.0222871,-1.65112e-17) (0.0102924,5.86435e-17) (0.109013,-4.16333e-17) (0.0509716,-2.10518e-16) (-0.0819659,-6.19012e-18) (-0.188816,2.26788e-16) (-0.0509716,-1.02023e-16)
 (-2.14438,-4.65106e-18) (-0.00723957,3.83892e-17) (0.0504089,-2.42319e-16) (0.0153754,-1.85426e-16) (-0.235398,-2.26463e-16) (-0.264025,-2.24328e-16) (-0.00160244,1.42898e-16)
 (-2.15882,-4.37069e-19) (-0.0126197,-1.42085e-16) (-0.00946598,2.76472e-17) (-0.0653314,4.45878e-16) (0.0372518,4.59702e-17) (-0.174365,1.79219e-16)
 (0.683218,1.4138e-16) (-0.049869,-2.51534e-17) (-0.785586,-2.42861e-17) (-0.352327,-6.41847e-17) (0.0724646,-1.66533e-16)
 (0.473883,5.16084e-17) (-0.797501,1.90821e-17) (0.112467,-4.85724e-17) (0.113431,2.42862e-17)
 (0.303468,2.07083e-16) (1.36067,9.10725e-17) (0.797501,-7.37259e-17)
 (1.09005,-1.53413e-17) (-0.0994213,-3.46933e-18)
 (0.473883,5.55112e-17)
