18 (0.11727,1.16939e-17) (0.471246,1.16117e-16) (-6.58087e-18,-1.88948e-15) (-5.41988e-17,1.53903e-15) (-2.34617e-17,5.44053e-16) (-1.30466e-16,1.78395e-15) (3.54346e-17,-9.0472e-16) (8.54707e-17,-9.90396e-16) (-0.0270614,1.13763e-16) (1.57297e-16,2.76456e-17) (-8.45374e-16,1.85724e-16) (-0.0468717,1.18914e-16) (-3.40095e-16,-6.20836e-17) (0.0978402,-6.06111e-18) (4.02461e-17,-2.36658e-17) (3.42865e-15,1.06387e-16) (0.169464,-5.82387e-20) (3.35107e-15,-1.00195e-16)
 (0.225452,-1.32193e-17) (-1.01207e-16,-1.20731e-15) (3.01576e-16,1.1106e-15) (1.36073e-16,1.51992e-15) (-2.73315e-17,-1.92617e-15) (-2.62396e-16,1.70158e-15) (-2.09487e-16,4.83621e-16) (0.0346237,-2.10714e-16) (9.48167e-17,7.52574e-17) (-7.04758e-17,2.24693e-16) (0.0599701,-9.80923e-17) (3.39847e-16,-1.51024e-16) (-0.0803004,-4.82568e-17) (2.38212e-18,-7.299e-17) (-1.45016e-15,1.13514e-16) (-0.139084,6.88487e-17) (-1.1158e-15,-1.31844e-16)
 (1.08929,-1.19762e-17) (-5.836e-17,1.24683e-17) (3.95465e-15,-6.47166e-17) (-0.115226,1.48778e-16) (3.57938e-17,-4.33929e-17) (-1.73917e-15,1.18703e-16) (3.17851e-16,-4.86262e-16) (-1.9655e-16,-4.36428e-16) (3.11963e-16,-0.158357) (9.09779e-17,6.54038e-16) (-8.94331e-17,-3.66896e-17) (9.3138e-17,6.59032e-15) (8.8514e-17,2.75178e-15) (1.65924e-17,0.99443) (1.49781e-16,-5.59131e-15) (1.32923e-16,-4.83889e-17)
 (1.08929,-1.37481e-17) (4.02184e-15,-8.07105e-17) (2.23686e-16,3.2918e-17) (-0.115226,-1.92106e-16) (-1.76939e-15,1.66441e-16) (-7.45725e-17,-9.21248e-16) (2.13715e-17,4.80577e-16) (1.10805e-16,-6.15926e-17) (1.68502e-16,1.76709e-16) (1.95982e-16,0.158357) (-1.18834e-16,7.95772e-15) (-1.24439e-16,-2.96973e-15) (1.89519e-16,-5.97965e-17) (1.15152e-16,-2.45104e-15) (-1.1109e-17,-0.99443)
 (0.675923,4.32969e-17) (-2.39316e-15,-9.78288e-17) (-2.3683e-15,1.78894e-16) (0.0293932,-1.19576e-17) (1.85328e-16,-0.181913) (1.76257e-16,-3.00601e-18) (4.91445e-17,-4.72575e-17) (-2.11934e-16,0.105028) (5.83839e-18,6.09554e-16) (2.03778e-17,1.00003) (-4.35849e-17,7.29189e-17) (-1.82494e-16,4.65745e-15) (-4.93948e-17,-0.577368) (-4.39535e-17,-4.72344e-15)
 (0.290552,2.61644e-17) (-1.65805e-16,-3.89989e-17) (-6.15918e-17,7.2164e-17) (-3.07305e-16,8.81615e-17) (-2.75738e-16,-3.13479e-16) (4.01807e-17,-0.0202824) (6.6319e-16,-5.8954e-16) (1.53496e-16,2.68502e-16) (2.90216e-20,-3.25517e-15) (3.24058e-17,-9.69496e-16) (-1.72549e-16,-0.0567132) (-6.11626e-17,3.97201e-15) (4.38017e-17,2.76418e-16)
 (0.290552,5.25299e-17) (-1.12283e-16,-3.15521e-16) (-7.3162e-17,7.25273e-16) (7.67048e-17,1.73837e-16) (-4.76236e-17,-6.34039e-17) (3.24868e-18,-3.06285e-16) (-1.49882e-17,0.0202824) (9.81726e-17,-5.22764e-15) (-9.16821e-17,1.13258e-16) (5.03069e-17,1.26115e-16) (-6.39253e-17,1.39908e-15) (-1.25115e-16,0.0567132)
 (0.244813,-1.13307e-17) (2.12451e-16,-0.0582818) (-1.77782e-16,1.52459e-16) (-1.36983e-17,1.26328e-16) (1.1436e-16,0.033649) (-8.17124e-17,-6.32854e-16) (2.5748e-17,0.132298) (-2.34188e-17,1.62602e-16) (1.76956e-16,-1.17586e-15) (7.66643e-17,-0.0763825) (-1.79488e-16,1.20803e-15)
 (-2.11949,1.63179e-18) (1.05361e-16,-3.84354e-17) (-4.29857e-16,6.21166e-17) (-0.0205093,4.27183e-17) (2.44409e-16,1.36113e-17) (-0.409238,3.70107e-16) (5.30178e-17,-1.04206e-17) (-1.0458e-15,-2.71715e-16) (0.11351,1.57767e-17) (1.78878e-15,1.07334e-16)
 (-2.13326,-1.13385e-18) (-4.25498e-16,-4.47083e-17) (-2.16855e-16,-9.15598e-18) (1.06527e-15,-3.89342e-17) (1.88001e-16,7.11164e-18) (-0.257275,3.01983e-17) (-3.47194e-16,1.07788e-16) (-1.35416e-16,4.54223e-17) (-3.73078e-16,2.36629e-16)
 (-2.16172,-2.96052e-18) (-1.56009e-16,-1.31778e-17) (2.20065e-17,-7.2931e-17) (-7.15452e-16,1.55799e-16) (-9.39466e-16,6.31923e-17) (-0.333065,-4.02016e-17) (9.35394e-16,1.3688e-16) (4.91091e-17,-1.62372e-16)
 (-2.14317,-8.1035e-20) (4.19683e-16,-1.32116e-17) (0.11351,1.27494e-16) (5.96475e-16,2.33471e-16) (1.59746e-15,-1.1826e-16) (-0.278168,6.08026e-17) (-2.77501e-16,-5.293e-16)
 (-2.16172,6.04818e-18) (1.08123e-15,1.80461e-16) (-8.2443e-16,5.36795e-17) (5.07896e-17,-4.34377e-16) (-5.15037e-17,5.20934e-17) (-0.333065,-4.34735e-16)
 (2.41431,-4.82286e-17) (-1.82382e-17,5.8776e-17) (7.62337e-15,-5.05171e-17) (-1.18244,-5.73171e-17) (-1.13449e-14,-3.4607e-16)
 (0.461076,9.85154e-18) (2.49437e-15,5.92017e-17) (-1.76778e-16,-1.32679e-16) (2.48066e-15,-2.99321e-16)
 (1.52174,-3.12949e-17) (-8.49603e-15,-1.59698e-16) (-2.38872e-16,1.33119e-17)
 (1.04895,4.98218e-17) (2.48177e-15,-3.58965e-17)
 (1.52174,-1.70623e-17)
