18 (0.643621,-2.78764e-17) (1.13547,-2.1882e-16) (-1.21994e-16,9.49833e-17) (6.2997e-18,-9.32725e-18) (-1.01416e-16,-0.1663) (3.65123e-16,-2.75757e-16) (8.98009e-18,2.63496e-16) (-2.90211e-17,-0.604047) (-0.0114958,-9.48485e-17) (1.89403e-16,4.11874e-17) (-3.66354e-16,-1.26419e-16) (-0.0199113,1.10971e-16) (-3.61126e-17,-5.39679e-17) (0.0714065,2.54774e-17) (-5.25617e-17,-5.02252e-17) (-2.95229e-17,1.57475e-16) (0.12368,-2.03152e-17) (8.06762e-17,-3.65301e-17)
 (0.485594,-2.7792e-17) (-7.00909e-17,9.38914e-18) (3.96331e-17,6.76399e-17) (-1.39748e-16,-1.43938) (-1.02358e-16,4.66709e-18) (1.28184e-18,2.79446e-16) (1.77616e-17,2.07141) (0.0964619,-5.3456e-17) (1.38104e-16,-6.52741e-17) (1.75084e-16,1.1793e-16) (0.167077,-1.53607e-16) (1.90609e-16,2.40951e-16) (-0.730447,-5.73247e-17) (1.42027e-16,-2.10588e-16) (-4.28792e-17,-5.19084e-17) (-1.26517,5.34617e-18) (6.5523e-18,-2.19348e-16)
 (0.195081,2.60417e-17) (6.47512e-17,4.62166e-18) (-4.61931e-17,1.76127e-16) (0.058641,8.91943e-17) (2.53853e-17,-3.97939e-17) (4.28222e-17,-6.91361e-17) (2.31609e-16,1.76277e-17) (1.45972e-16,-2.68447e-17) (-1.68437e-16,0.0331997) (-2.96086e-16,4.50677e-17) (4.54857e-16,4.87877e-17) (-1.55903e-16,-4.10124e-17) (2.14018e-17,-3.32397e-18) (4.11495e-17,-0.00392832) (1.47976e-17,1.07945e-16) (2.64545e-17,5.94978e-17)
 (0.195081,5.08147e-18) (-5.34628e-17,1.50892e-17) (-3.31616e-17,-6.70981e-17) (0.058641,2.44417e-17) (4.36301e-18,3.08168e-16) (9.99525e-18,-2.08764e-17) (2.45612e-16,1.74622e-16) (2.42888e-16,-9.20906e-17) (-1.00577e-16,4.71e-17) (3.5498e-16,0.0331997) (-1.11461e-16,3.16523e-17) (9.54372e-17,7.50457e-17) (-7.67615e-17,-1.39858e-16) (1.66109e-16,3.21701e-16) (-6.05486e-17,-0.00392832)
 (-0.232252,8.18713e-18) (-4.7817e-17,1.03052e-16) (-2.77294e-17,4.05762e-16) (1.84905,4.11937e-17) (1.76031e-16,-0.0363931) (1.57555e-16,-1.48888e-16) (7.57481e-17,-3.05877e-16) (-1.91172e-16,-0.0630346) (3.37566e-17,-2.2515e-16) (1.77758e-17,0.434616) (1.63281e-16,7.06755e-17) (-3.81796e-18,4.27373e-17) (1.17542e-17,0.752777) (-4.92218e-18,-9.20753e-17)
 (0.269709,1.07073e-16) (2.16702e-16,-1.1371e-16) (-4.72638e-17,-2.87166e-16) (-1.8067e-16,4.95305e-17) (4.57688e-17,3.90106e-16) (-9.62763e-17,0.0111566) (-6.81587e-16,-3.76604e-17) (-3.83455e-16,-3.34229e-16) (5.29381e-17,-8.43919e-17) (3.37069e-17,-8.62296e-17) (-2.91703e-16,0.0182412) (2.03693e-17,-3.13171e-17) (-3.07914e-17,-3.51047e-17)
 (0.269709,-3.50918e-17) (6.81437e-17,1.57984e-16) (7.17739e-18,-1.86961e-17) (2.65519e-16,6.88743e-17) (-9.40003e-17,-1.29229e-16) (-5.4458e-17,-3.59141e-16) (2.45852e-17,0.0111566) (-6.92282e-17,-4.82198e-17) (-8.04064e-17,6.45296e-16) (-6.76542e-17,-1.51973e-16) (-8.56094e-17,5.74293e-17) (-1.51136e-16,0.0182412)
 (-4.47833,-5.04279e-17) (1.55449e-16,0.0857392) (-1.06794e-17,3.09955e-16) (1.02826e-16,3.08808e-16) (-8.0192e-18,0.148505) (-9.8138e-17,3.50589e-16) (-2.10898e-17,-1.39925) (-1.21431e-16,2.67804e-16) (-1.76927e-16,-4.17928e-17) (2.04167e-16,-2.42357) (3.56542e-16,-7.77449e-17)
 (-2.16013,-1.73781e-18) (8.81716e-17,3.78404e-18) (-4.29728e-16,-1.29074e-17) (-0.0087021,-3.00904e-17) (3.95765e-16,1.53543e-17) (0.000196127,1.3846e-16) (-9.39458e-17,2.64641e-17) (-8.38447e-17,9.18655e-17) (-0.00455678,-5.42353e-17) (-5.68577e-17,1.00436e-16)
 (-2.20027,-3.12027e-18) (-4.93687e-16,8.57835e-18) (-3.10054e-16,-1.1963e-17) (1.10429e-15,-2.4873e-17) (3.1076e-16,4.21825e-16) (0.00381797,4.95596e-17) (-3.11541e-18,-9.01988e-17) (4.62965e-17,3.0232e-16) (-1.18207e-17,1.96512e-16)
 (-2.1659,8.04694e-19) (-1.38812e-17,1.67518e-17) (3.19795e-17,2.71266e-17) (-1.3098e-16,1.33579e-17) (4.32293e-16,-6.8968e-17) (-0.135778,-2.05421e-17) (-4.06325e-17,-5.39063e-17) (-2.07136e-17,-1.78196e-16)
 (-2.17018,2.45018e-18) (4.81277e-16,2.33282e-18) (-0.00455678,-1.59191e-16) (-5.69069e-16,-1.37589e-16) (-3.77052e-17,-3.946e-17) (-0.00506559,-3.19096e-16) (1.07336e-17,-3.34891e-16)
 (-2.1659,6.4032e-18) (-1.67284e-16,-2.05274e-17) (3.91448e-16,1.63709e-16) (1.50651e-17,3.72802e-16) (-1.44741e-16,-2.08623e-16) (-0.135778,-4.7833e-16)
 (0.347485,1.78531e-17) (4.94158e-17,1.62091e-16) (-9.27197e-17,9.00865e-17) (-0.660636,1.64264e-16) (1.56373e-16,3.82942e-17)
 (0.781354,-8.50686e-18) (-1.79464e-17,3.28552e-17) (-1.3558e-16,-2.83306e-16) (1.04072e-17,4.2514e-16)
 (0.707026,6.32607e-17) (1.32326e-17,1.60117e-16) (5.1053e-16,-3.38712e-17)
 (-0.415352,6.61914e-17) (-2.14674e-17,4.65056e-17)
 (0.707026,-1.14764e-17)
