18 (3.2191,1.29996e-16) (0.688539,-2.41527e-18) (3.45657e-17,1.78328) (4.72712e-17,-1.78328) (-3.73372e-17,-1.78328) (-2.53161e-17,-2.67632) (2.49366e-17,2.67632) (3.78387e-17,2.67632) (4.84503e-19,-5.64852e-18) (0.196746,-1.6152e-18) (0.196746,2.03463e-18) (2.86009e-17,1.06604e-17) (-0.196746,-1.95647e-18) (2.704e-16,1.77578e-18) (-1.66229,-3.81881e-17) (-1.66229,-3.03196e-17) (-1.24629e-16,1.01714e-17) (1.66229,-2.63402e-17)
 (0.275643,-2.89929e-17) (1.32815e-18,0.345378) (-2.06269e-17,-0.345378) (2.30122e-17,-0.345378) (1.00831e-17,-0.552454) (7.58942e-18,0.552454) (2.98156e-17,0.552454) (1.60123e-17,-3.64523e-18) (0.117091,-5.69143e-18) (0.117091,-1.63123e-17) (6.63803e-17,-2.66029e-18) (-0.117091,4.29741e-18) (2.20093e-17,-2.1934e-17) (-0.35316,7.27552e-18) (-0.35316,1.923e-18) (-2.71918e-16,-8.75962e-19) (0.35316,-1.68908e-17)
 (1.12,-7.91662e-17) (-1.03998,-1.88771e-17) (-1.03998,1.88481e-17) (-1.50269,-4.5474e-17) (1.47235,-1.94672e-17) (1.47235,4.12772e-17) (4.08355e-18,-0.00817896) (4.6968e-19,-0.0579326) (1.88507e-18,-0.0579326) (-2.84603e-19,-8.09682e-17) (1.23667e-18,0.0763557) (6.20977e-17,0.00993204) (-2.01391e-17,0.913315) (-1.94682e-17,0.913315) (1.16552e-18,4.34925e-16) (-1.0327e-17,-0.887229)
 (1.12,4.24921e-18) (1.03998,-2.16945e-17) (1.47235,-1.94672e-17) (-1.50269,-1.38848e-17) (-1.47235,-2.26036e-17) (1.66865e-18,-0.00408948) (-2.35136e-18,0.0579326) (-4.96361e-19,0.0763557) (2.46317e-18,0.00708319) (3.45251e-18,-0.0579326) (2.61835e-17,0.00496602) (-2.86229e-17,-0.913315) (1.74285e-17,-0.887229) (2.77014e-17,-0.0086014) (-4.90059e-17,0.913315)
 (1.12,-5.50585e-18) (1.47235,4.12772e-17) (-1.47235,-2.26036e-17) (-1.50269,-7.2456e-17) (-7.01174e-18,-0.00408948) (-4.96361e-19,0.0763557) (2.65968e-18,0.0579326) (-6.18334e-19,-0.00708319) (3.99122e-18,-0.0579326) (-2.6563e-18,0.00496602) (1.74285e-17,-0.887229) (-9.97466e-18,-0.913315) (-7.04731e-17,0.0086014) (4.74881e-17,0.913315)
 (2.28021,-2.58981e-16) (-2.24415,6.98001e-18) (-2.24415,-6.06698e-17) (1.10013e-17,0.0378976) (4.73153e-18,0.184544) (-6.38663e-19,0.184544) (-1.90752e-18,6.48082e-17) (-1.00966e-18,-0.155427) (7.88215e-17,-0.00915157) (5.42643e-17,-1.40487) (7.07442e-18,-1.40487) (2.84061e-17,-5.13927e-16) (-7.91468e-18,1.38571)
 (2.28021,-1.0625e-17) (2.24415,6.47903e-18) (8.7075e-18,0.0189488) (-1.15874e-18,-0.184544) (-9.96111e-19,-0.155427) (3.38813e-20,-0.0328203) (-7.98244e-18,0.184544) (6.48353e-17,-0.00457578) (-3.90313e-18,1.40487) (1.98409e-17,1.38571) (-2.77556e-17,0.00792549) (2.21177e-17,-1.40487)
 (2.28021,-1.02237e-17) (-3.36103e-18,0.0189488) (-9.96111e-19,-0.155427) (-1.43996e-18,-0.184544) (-1.62969e-18,0.0328203) (5.93601e-18,0.184544) (6.09322e-17,-0.00457578) (1.98409e-17,1.38571) (-1.26852e-17,1.40487) (-4.87891e-17,-0.00792549) (2.60209e-18,-1.40487)
 (0.947211,-2.49051e-18) (0.0115604,1.03299e-19) (0.0115604,1.39569e-18) (3.19357e-17,-9.51704e-19) (0.0231207,4.04879e-19) (-0.123864,-3.06623e-18) (-0.00198102,1.81192e-18) (-0.00198102,-1.28996e-18) (-7.26077e-17,2.24621e-18) (-0.00396203,-1.99928e-18)
 (1.00383,-1.43198e-18) (0.035956,-1.29945e-18) (0.0200231,-1.01571e-19) (-0.035956,-2.16196e-19) (-0.00198102,1.81192e-18) (-0.253908,-8.86862e-18) (-0.120951,2.07115e-18) (-0.00343122,1.34979e-18) (0.120951,-1.00382e-18)
 (1.00383,-1.59731e-18) (-0.0200231,5.3544e-20) (-0.035956,-6.59217e-19) (-0.00198102,-1.28996e-18) (-0.120951,2.07115e-18) (-0.253908,-7.22133e-19) (0.00343122,-1.19471e-18) (0.120951,8.5148e-18)
 (0.947211,6.8164e-19) (-1.81375e-17,-2.83172e-21) (-7.26077e-17,2.24621e-18) (-0.00343122,1.34979e-18) (0.00343122,-1.19471e-18) (-0.123864,-2.33505e-18) (3.8584e-17,-1.82803e-18)
 (1.00383,-7.36446e-19) (-0.00396203,-1.99928e-18) (0.120951,-1.00382e-18) (0.120951,8.5148e-18) (3.8584e-17,-1.82803e-18) (-0.253908,9.61562e-18)
 (0.0610292,-7.67199e-17) (-0.00410892,-2.19338e-17) (-0.00410892,-9.36248e-17) (2.23888e-16,-1.78841e-17) (-0.00821784,-1.81397e-17)
 (0.955514,8.07885e-17) (0.87035,-1.89879e-17) (-0.00711686,-1.0304e-17) (-0.87035,-2.2704e-18)
 (0.955514,-1.2917e-18) (0.00711686,-1.978e-18) (-0.87035,1.92437e-17)
 (0.0610292,9.34817e-19) (-3.64075e-16,-8.121e-18)
 (0.955514,-1.88943e-17)
