18 (2.36651,5.6649e-18) (0.873185,1.31972e-17) (-4.62751e-17,-9.48224e-17) (2.61293e-17,7.17338e-17) (1.51761e-16,-2.74473) (6.62448e-17,-1.07921e-16) (-2.00361e-16,9.12159e-17) (6.10948e-17,3.92945) (0.177764,2.45547e-18) (1.73642e-17,-4.8407e-18) (-1.77199e-18,1.05038e-18) (0.307896,1.3837e-18) (-5.78693e-18,-1.33508e-17) (-1.45632,6.81658e-20) (-9.16693e-17,1.99251e-17) (-3.33121e-17,-2.11038e-17) (-2.52242,-1.68253e-17) (3.49113e-17,4.97546e-16)
 (0.410345,-1.67956e-17) (-3.13063e-18,2.92969e-17) (1.78893e-18,-3.56e-17) (-1.16552e-18,-1.06584) (-1.02457e-17,-1.39703e-17) (-5.82217e-17,1.34597e-16) (4.59702e-17,1.41316) (0.0587239,2.81593e-18) (-1.70762e-17,5.15625e-19) (8.80914e-19,6.75787e-19) (0.101713,-1.40668e-18) (8.93112e-18,-9.11959e-18) (-0.530073,4.56931e-17) (-1.39537e-16,2.93871e-18) (-2.71051e-18,-4.20956e-17) (-0.918113,-5.32119e-18) (2.1684e-19,5.29318e-17)
 (0.110298,2.35551e-17) (-1.02217e-16,-6.42182e-19) (1.83535e-17,-2.42286e-17) (0.0267872,-7.75121e-17) (1.08637e-16,7.80049e-18) (-1.64799e-17,-5.72768e-17) (-5.28379e-18,-1.02064e-17) (7.0939e-19,4.9175e-18) (8.97855e-19,0.0493856) (-1.74489e-19,-6.3052e-19) (-1.25191e-18,2.04802e-18) (2.75929e-17,8.82502e-18) (1.47316e-17,1.78382e-16) (5.37358e-18,0.0305855) (-1.82959e-18,-9.86871e-18) (-2.79182e-18,5.10067e-18)
 (0.110298,-6.0166e-17) (-3.79267e-17,2.68405e-17) (1.08637e-16,7.80049e-18) (0.0267872,2.08638e-17) (-3.03577e-18,-7.36153e-17) (5.96142e-18,-6.99119e-18) (-8.7922e-19,1.02358e-17) (4.82809e-19,-1.41804e-18) (5.00427e-18,-6.7674e-18) (1.12825e-18,0.0493856) (1.41543e-16,1.469e-17) (1.28478e-17,1.11909e-18) (-1.92446e-18,5.01936e-18) (6.90095e-17,2.12443e-16) (6.07153e-18,0.0305855)
 (3.33597,2.1166e-18) (-1.64799e-17,-5.72768e-17) (-3.03577e-18,-7.36153e-17) (-4.61622,1.71017e-18) (-6.822e-18,0.185293) (4.82809e-19,-1.41804e-18) (-1.47384e-19,-1.15102e-17) (-8.28568e-18,0.320936) (-2.57464e-17,-2.35514e-17) (4.38289e-17,-1.7196) (-1.92446e-18,5.01936e-18) (-9.05038e-17,-1.21304e-17) (-1.30646e-17,-2.97844) (4.81928e-17,1.65722e-17)
 (0.0242566,2.49718e-17) (1.35363e-16,3.12661e-17) (-6.3209e-17,6.33629e-17) (8.40257e-18,1.62298e-17) (1.65002e-18,1.98819e-17) (-4.06576e-20,0.0431442) (5.7954e-18,-1.78889e-18) (-5.42101e-19,-8.78091e-19) (6.38053e-17,2.07773e-16) (1.10589e-17,2.09763e-16) (-1.83501e-17,-0.00325102) (2.67256e-17,1.34288e-17) (-9.75782e-19,4.73645e-17)
 (0.0242566,-1.21429e-17) (1.29779e-16,-2.95707e-17) (7.96211e-18,-2.713e-18) (6.74916e-18,-1.66522e-17) (-3.72694e-19,-4.36109e-18) (-3.80148e-18,3.82091e-18) (-6.00377e-18,0.0431442) (7.1991e-17,-1.01637e-16) (3.44776e-17,-1.44843e-16) (-1.65883e-17,1.97174e-17) (7.11237e-17,4.30283e-17) (1.30104e-17,-0.00325102)
 (6.65216,-2.23668e-17) (1.49755e-18,-0.292216) (-3.72694e-19,-4.36109e-18) (2.36288e-17,-3.12006e-18) (-8.43306e-18,-0.506133) (2.9531e-17,2.12219e-18) (4.42354e-17,2.44361) (-1.65883e-17,1.97174e-17) (-2.00577e-18,-1.09139e-17) (2.02746e-17,4.23246) (-2.12937e-16,-7.26291e-18)
 (0.948598,3.74052e-19) (-7.6233e-20,-5.74254e-20) (3.29496e-19,-1.01388e-19) (0.0578287,-1.27495e-18) (4.73491e-19,-2.36854e-19) (-0.266929,1.0942e-17) (2.39202e-18,1.20068e-17) (-5.46844e-18,2.38938e-19) (-0.136837,-5.09248e-18) (-8.67362e-18,6.56592e-18)
 (1.06779,-5.99346e-19) (1.52678e-19,2.58462e-18) (3.303e-18,-4.14313e-20) (-2.96462e-20,-1.0302e-18) (2.39202e-18,1.20068e-17) (-0.0743717,1.24156e-18) (3.55754e-19,-2.97039e-18) (-7.86047e-19,2.52031e-19) (5.69206e-19,1.31366e-18)
 (0.945406,2.20576e-18) (-1.58395e-19,5.9141e-19) (3.65876e-18,1.84216e-19) (-5.46844e-18,2.38938e-19) (3.55754e-19,-2.97039e-18) (-0.115083,-1.14734e-18) (2.96123e-18,3.35216e-18) (8.40257e-18,2.22642e-18)
 (1.01537,-1.77476e-18) (-2.90109e-19,5.46469e-19) (-0.136837,-5.09248e-18) (-7.86047e-19,2.52031e-19) (2.96123e-18,3.35216e-18) (-0.424935,2.63873e-18) (1.26039e-17,9.63791e-19)
 (0.945406,-2.8193e-18) (-8.67362e-18,6.56592e-18) (5.69206e-19,1.31366e-18) (8.40257e-18,2.22642e-18) (1.26039e-17,9.63791e-19) (-0.115083,-1.02989e-18)
 (1.0019,-7.10007e-17) (4.70544e-17,7.44805e-18) (-1.65883e-17,7.07132e-17) (1.55256,7.56012e-17) (-5.81132e-17,-1.36267e-17)
 (0.0762319,-4.64664e-18) (2.1684e-19,3.34665e-18) (3.07913e-17,-1.11713e-17) (-3.03577e-18,-2.33039e-17)
 (0.0889522,-9.66439e-19) (-3.50197e-17,-6.45365e-17) (1.27719e-16,1.35438e-18)
 (2.79465,-3.8747e-17) (-7.00395e-17,-1.61441e-17)
 (0.0889522,-7.72697e-18)
