18 (0.663902,8.64651e-17) (0.795766,-5.05238e-17) (3.99701e-17,2.28923e-15) (6.50363e-17,-0.912037) (1.35596e-18,-0.912037) (8.72387e-18,-2.72043e-15) (1.40285e-17,1.06758) (-1.51119e-16,1.06758) (0.127708,3.89296e-18) (8.51093e-16,-2.06676e-19) (8.35582e-16,6.56281e-18) (2.3359e-17,1.8262e-18) (-0.252501,-3.17807e-18) (-0.900251,7.84962e-17) (-4.72368e-15,1.60462e-17) (-4.72625e-15,9.09917e-17) (-1.50091e-16,-1.4203e-17) (1.59457,6.93889e-17)
 (1.08584,-4.03865e-17) (-7.30175e-18,6.8527e-16) (1.222e-17,-1.0041) (-2.37514e-17,-1.0041) (-1.23934e-17,-3.19731e-15) (-4.34685e-17,1.27004) (-5.79634e-17,1.27004) (-0.0067209,4.20128e-18) (1.86649e-15,6.00377e-18) (1.87852e-15,-5.99022e-18) (-6.60233e-18,3.67273e-18) (-0.401683,5.24483e-18) (-0.972393,1.17094e-17) (-7.08261e-15,-1.33357e-17) (-7.13476e-15,2.35272e-17) (-3.20171e-17,-4.22839e-18) (1.92025,4.87891e-17)
 (0.371311,-5.54214e-18) (-4.96963e-15,3.98444e-18) (-4.90003e-15,2.17891e-17) (0.0642276,2.09387e-18) (4.5492e-15,4.13759e-17) (4.57827e-15,8.37546e-18) (-8.75821e-18,-9.83013e-16) (8.84045e-19,0.160032) (-1.86477e-18,0.160032) (-3.52903e-20,-5.83182e-19) (1.06049e-18,4.23127e-16) (2.78239e-17,5.73771e-15) (-1.41788e-17,-0.19851) (6.54297e-17,-0.19851) (2.69413e-18,-5.97666e-17) (-2.60927e-17,-4.82638e-15)
 (1.51621,1.10047e-17) (1.42388,-1.04287e-17) (4.5492e-15,4.13759e-17) (-1.55739,9.54098e-17) (-1.53996,-8.5923e-18) (2.97881e-18,0.253472) (-8.94544e-19,4.42044e-16) (1.08929e-18,4.23125e-16) (2.40956e-18,0.0223321) (-4.10488e-18,-0.301327) (-3.09679e-17,-1.43134) (1.80366e-17,-4.76176e-15) (7.41321e-19,-4.82638e-15) (-4.46131e-18,0.0265576) (-6.31856e-17,2.25409)
 (1.51621,-5.65682e-17) (4.57827e-15,8.37546e-18) (-1.53996,-8.5923e-18) (-1.55739,-1.00289e-18) (6.44726e-18,0.253472) (1.08929e-18,4.23125e-16) (-4.03835e-19,4.46635e-16) (-1.85934e-18,-0.0223321) (1.38719e-18,-0.301327) (-1.91795e-18,-1.43134) (7.41321e-19,-4.82638e-15) (-2.62881e-17,-4.72769e-15) (-3.2608e-17,-0.0265576) (9.4486e-17,2.25409)
 (0.0366729,2.06812e-17) (-4.86948e-15,-1.27394e-17) (-4.65607e-15,-8.42425e-17) (1.31362e-17,1.22634e-15) (9.18385e-18,0.0364991) (1.5222e-17,0.0364991) (-7.48187e-20,6.39171e-18) (4.75022e-19,-8.45684e-16) (3.10551e-17,-4.45331e-15) (1.11953e-16,-0.0471901) (-2.02325e-17,-0.0471901) (6.50537e-18,-2.88398e-17) (-2.09464e-17,6.96546e-15)
 (1.82144,-8.43509e-17) (1.78823,6.863e-17) (-1.24783e-18,-0.211428) (1.88312e-18,-8.66467e-16) (3.77506e-18,-8.45671e-16) (1.82703e-18,0.0252406) (-2.33239e-18,0.377463) (-2.89573e-17,1.51381) (3.32415e-17,6.99657e-15) (8.65232e-18,6.96546e-15) (-8.43678e-18,-0.0137238) (-8.42211e-17,-2.65547)
 (1.82144,1.23924e-16) (-4.65684e-19,-0.211428) (3.77506e-18,-8.45671e-16) (-2.61575e-18,-8.66765e-16) (-7.21049e-18,-0.0252406) (-1.2677e-17,0.377463) (1.27101e-16,1.51381) (8.65232e-18,6.96546e-15) (-1.46264e-17,6.89666e-15) (-1.86248e-17,0.0137238) (-6.475e-17,-2.65547)
 (1.01204,-7.25611e-18) (1.06782e-16,-2.69356e-19) (1.07152e-16,-4.15046e-20) (6.6419e-18,-8.26281e-19) (0.0245967,8.76679e-20) (-0.38621,-2.638e-17) (-2.22685e-16,-4.1403e-18) (-2.26258e-16,2.43945e-18) (-4.33488e-17,3.38813e-20) (0.259907,2.07354e-18)
 (0.993981,3.85315e-18) (0.0629214,1.13291e-19) (1.68559e-16,-4.03188e-19) (-3.99715e-16,-2.6258e-19) (-2.22685e-16,-4.1403e-18) (-0.21945,2.17518e-18) (-0.109213,-2.741e-18) (-2.81106e-17,5.6243e-19) (2.04521e-15,8.53809e-19)
 (0.993981,6.4671e-19) (-1.68533e-16,1.56701e-20) (-3.98877e-16,-9.08019e-19) (-2.26258e-16,2.43945e-18) (-0.109213,-2.741e-18) (-0.21945,6.31378e-18) (2.67021e-17,-2.39541e-18) (2.03553e-15,-1.84992e-18)
 (0.9603,-6.14099e-20) (-3.48295e-17,-9.44442e-20) (-4.33488e-17,3.38813e-20) (-2.81106e-17,5.6243e-19) (2.67021e-17,-2.39541e-18) (-0.0290442,-1.46367e-18) (6.12466e-17,2.30393e-19)
 (1.03892,-4.63158e-18) (0.259907,2.07354e-18) (2.04521e-15,8.53809e-19) (2.03553e-15,-1.84992e-18) (6.12466e-17,2.30393e-19) (-0.726068,1.39862e-17)
 (1.47355,-3.25261e-18) (4.05345e-15,6.61363e-17) (4.22416e-15,-2.79724e-17) (5.03408e-17,-1.04083e-17) (-2.19885,1.73472e-18)
 (0.195237,-2.73219e-17) (0.113844,-7.69784e-18) (8.10425e-17,-2.25514e-17) (-1.16062e-14,-2.97071e-17)
 (0.195237,-3.91939e-17) (1.6061e-17,-7.80626e-18) (-1.16194e-14,9.47593e-17)
 (0.0588817,4.8247e-18) (-1.92967e-16,2.88398e-17)
 (4.02767,-2.1684e-18)
