18 (0.562537,4.33681e-18) (0.544182,-1.39862e-16) (-5.43174e-18,2.03483e-15) (1.20313e-16,-0.503688) (-1.42616e-16,-0.503688) (8.31587e-17,-2.15843e-15) (-8.62643e-17,0.33514) (1.05547e-16,0.33514) (0.0436057,-7.57722e-17) (-9.51899e-18,-1.50718e-16) (-4.55595e-16,-3.49858e-17) (-4.39464e-16,-6.13862e-17) (-0.0218161,5.07136e-17) (-0.614703,-9.37308e-23) (-2.29045e-16,3.79471e-17) (-2.82868e-16,1.19262e-17) (1.21708e-17,-1.46801e-16) (0.635694,-2.9924e-17)
 (1.02944,6.93897e-18) (-1.11585e-16,-6.2038e-16) (-1.24199e-16,-0.353413) (1.65535e-17,-0.353413) (-1.19722e-16,-2.47632e-15) (7.41187e-17,0.216246) (6.06895e-17,0.216246) (0.0406253,7.67615e-17) (5.25073e-16,-1.02186e-17) (4.55577e-16,8.37817e-17) (-4.94108e-16,1.64799e-17) (-0.0519025,4.37909e-16) (-0.484982,-6.5052e-17) (-2.24579e-15,1.21429e-17) (-2.08227e-15,-1.25768e-17) (-1.38329e-16,-1.99927e-16) (0.405297,-4.6838e-17)
 (0.551619,5.40814e-17) (-4.74148e-15,-6.62448e-17) (-4.70808e-15,-2.22261e-18) (0.121628,-3.8489e-18) (3.43328e-15,-7.71952e-17) (3.50911e-15,-1.32273e-17) (2.80979e-16,-5.11039e-16) (-9.4951e-18,0.0831638) (8.01283e-17,0.0831638) (-8.91012e-17,1.73134e-16) (1.64583e-16,1.43569e-16) (3.46203e-17,5.16416e-15) (5.87759e-17,-0.311586) (2.13067e-16,-0.311586) (-7.97986e-18,2.16841e-17) (9.00913e-17,-3.67307e-15)
 (0.809212,4.66207e-17) (0.639733,-6.38595e-17) (3.05469e-15,2.07083e-16) (-0.0284688,3.03143e-16) (-0.0495675,2.64545e-17) (8.04844e-17,0.130608) (2.17171e-16,-4.70205e-16) (1.42079e-16,-9.57575e-16) (1.03592e-16,0.0124663) (3.41072e-16,0.0471681) (5.52785e-17,-0.895149) (4.56574e-17,4.81429e-15) (7.56866e-17,4.67162e-15) (-8.97951e-17,0.0371663) (5.07072e-17,0.249046)
 (0.809212,-5.22043e-17) (3.29358e-15,1.3726e-16) (-0.0495675,-1.95159e-18) (-0.0284688,9.71445e-17) (2.39474e-16,0.130608) (2.49232e-16,-6.84315e-16) (-7.47681e-17,-9.5216e-16) (-1.25775e-16,-0.0124663) (-5.00602e-17,0.0471681) (-3.7258e-17,-0.895149) (7.2439e-17,4.70566e-15) (-2.31103e-17,4.85191e-15) (-1.52893e-16,-0.0371663) (-4.82506e-17,0.249046)
 (0.309302,2.41777e-17) (-1.46085e-15,1.30104e-17) (-1.56938e-15,-1.43115e-16) (-3.18544e-16,4.9441e-16) (-1.05244e-17,0.0509453) (-6.01821e-17,0.0509453) (-2.35479e-17,-4.60135e-16) (-3.75804e-17,-5.03615e-16) (9.04866e-17,-3.9144e-15) (-1.21452e-16,-0.0880176) (1.72295e-16,-0.0880176) (-1.01051e-17,-1.38344e-16) (-1.69806e-17,4.28914e-15)
 (-0.63668,-1.47451e-16) (-0.909364,-3.03576e-16) (2.95961e-16,-0.0666123) (5.57057e-16,1.30928e-15) (-2.02618e-16,1.15928e-15) (2.3612e-16,0.0212729) (1.37979e-16,-0.167909) (-5.82982e-17,0.353404) (-8.7529e-17,-9.11684e-15) (1.93038e-17,-8.96508e-15) (-2.81165e-16,-0.00981138) (-2.43372e-16,1.09674)
 (-0.63668,2.51537e-17) (2.86379e-16,-0.0666123) (-3.84352e-16,1.04528e-15) (3.04291e-16,1.37046e-15) (7.58828e-17,-0.0212729) (-7.62333e-17,-0.167909) (7.21942e-17,0.353404) (2.5425e-16,-9.29728e-15) (-2.42424e-17,-9.24521e-15) (1.24047e-16,0.00981138) (-2.01159e-16,1.09674)
 (-2.14207,-9.23265e-19) (5.37598e-17,4.97208e-18) (-5.34025e-16,-2.23329e-17) (-3.5232e-16,-5.92406e-17) (-0.0200341,1.3046e-17) (-0.233759,-1.14871e-16) (2.72413e-16,-2.05104e-16) (3.78157e-16,2.05131e-16) (1.36726e-16,6.8386e-17) (0.212582,1.62088e-17)
 (-2.1646,2.9359e-17) (-0.00188583,3.05415e-17) (-3.2749e-16,3.17138e-17) (1.24618e-15,4.05644e-17) (5.34601e-16,2.16732e-16) (-0.212096,3.12657e-17) (-0.036347,-2.17559e-16) (1.14806e-16,2.50153e-16) (-1.29564e-15,-1.03162e-16)
 (-2.1646,3.65145e-18) (5.54144e-17,-5.24313e-18) (1.07571e-16,5.40492e-17) (4.16076e-16,9.38106e-17) (-0.036347,-1.13075e-16) (-0.212096,1.98341e-17) (-1.6226e-16,1.82227e-16) (-1.03543e-15,-1.05059e-16)
 (-2.1568,1.12869e-19) (6.24923e-16,1.54058e-17) (3.86775e-16,-3.68249e-16) (2.55867e-16,-3.37431e-16) (-2.59703e-16,5.7788e-17) (-0.301034,-4.4476e-16) (-1.79388e-15,9.94755e-17)
 (-2.20659,-2.9409e-18) (0.0667313,-1.6198e-16) (-1.12934e-15,3.116e-16) (-1.04583e-15,4.27609e-16) (2.486e-16,-2.94361e-17) (0.126672,-1.13408e-16)
 (1.72552,-2.65413e-16) (-3.35452e-15,-6.93891e-18) (-3.24813e-15,-3.03576e-17) (-7.22655e-18,2.19443e-16) (-0.61689,-1.73473e-18)
 (0.882625,-1.34444e-17) (0.162901,1.12756e-17) (-2.74848e-16,2.16841e-17) (1.18874e-14,1.47451e-16)
 (0.882625,-1.04087e-17) (2.77748e-16,-5.9848e-17) (1.174e-14,-1.43115e-16)
 (0.602259,-2.25511e-17) (-2.0106e-16,-2.30718e-16)
 (-0.7064,-1.04085e-17)
