7 (index of k points)
0 0 1.000000000000002442490654
15 (number of bands)
18 (number of orbitals)
1 (band)
-7.4006119915692671895612875e+00 (Ry)
9.3750000000000000000000000e-02 (Occupations)
4.6839057130811720952578980e+00 1.3492406823684528279875939e-27 1.4442322242583469638077531e+00 3.2923754488533002159013499e-28 -4.8595523130198978204700483e-15 1.6461157141636491914744585e-14 4.0919182507821910443228945e-15 -3.9691009913956554754800039e-29 1.4232823165609264719556465e-15 5.8869234877186664210846033e-29 
-1.0700428804324572984252064e-14 3.9137119267774750150562527e-14 -5.7471070418161898866365878e-15 9.6608013890794177584403271e-29 -5.2963216795167025306104766e-15 1.1804820545538690345107313e-28 -4.4716936536109563871121964e-01 -1.1015392509821620796816811e-28 -7.2868388275809707624311120e-16 5.8208282865411049865426827e-30 
6.4011151949490240529569675e-16 -2.4508962308914005855360006e-30 -4.2315546607692520418260747e-15 -2.0378364000931505148820334e-29 -2.4646069219675870167021620e-16 -1.1128361474464849411095200e-31 -1.6949809211471471570575886e+00 -3.8523621766848599226560295e-28 -5.0890320708659462286127873e-15 2.8997058719403885976232848e-29 
3.9505880530606364664600364e-15 -2.6205319870947832298762148e-29 -1.9918652099076169689665902e-14 -8.0531389459762176918291902e-29 -1.6053475411767968567072153e-15 -4.1298910243029348151150609e-30 
2 (band)
-2.5953431417745949083553114e+00 (Ry)
9.3750000000000000000000000e-02 (Occupations)
-2.1965187565874491273918569e-15 1.7714211949604473446236239e-28 -1.0060502480194526820078896e-15 2.1115922559088305620991008e-29 1.8116423315876389400483550e-15 4.4889005764277620411047696e-16 1.2165276641961839637012932e-15 -1.1400244663940977887308038e-16 6.8723773949592992503525552e-16 1.4270950496470433776784765e-16 
3.7302919598157494648787982e-15 1.0347978104281814445209723e-15 -4.6495994757098138433882051e-16 3.3433320708562015806751133e-16 1.7372514262067498798545431e-16 7.2680016453997052870036674e-17 1.7312634193741915445494937e-15 -1.2314892615079693311014144e-28 1.0936234278470307035706047e-14 1.4221376791525934817063101e-15 
-3.2043675909240741120210615e-15 1.1857860060320932041842833e-14 -1.1335382503091353534330210e+00 6.7846138714386589149528462e-14 1.2816500772537294739892664e-15 3.8288971543457952602012172e-16 1.4920084035914261903242717e-15 -9.6261047236186573943743802e-29 5.1948774501264869268463347e-15 6.2481245659758625679903283e-16 
-9.1916744709208512477722237e-16 4.7133318046763801501481037e-15 -5.4842569676691388380618264e-01 3.2837104855673049980732272e-14 8.2464725654758604239389480e-16 6.0039451142355305357477601e-17 
3 (band)
-2.5583742933219628667984580e+00 (Ry)
9.3750000000000000000000000e-02 (Occupations)
1.3584609769633290626541988e-15 3.2770759614772708581156426e-16 -5.1323234702361304338123810e-16 -1.2422013721374956843776005e-16 -8.2536660808910323792728057e-16 -2.6070309364716789978923838e-16 -8.2573758263351986006413538e-16 1.7394444185808081827993623e-16 1.0544772253792794275960449e-15 -1.5210206759980824853889918e-15 
-1.6673902343642948812153675e-15 -5.4268695870088759490638062e-16 1.1634734353631169378926359e-15 6.2327057902776232565818227e-16 -1.5531363341504122855415110e-15 9.2011098950636012758911964e-17 1.2482896633255343367049975e-15 2.9643973979963770032979928e-16 4.1954061549423365962141474e-01 1.0941607598301938963913926e-01 
9.4799103581991761569014443e-01 2.3266604912890487266707851e-01 4.6302620047130479596597169e-15 -1.1316663577872882831185921e-14 -4.6931443240835498991415787e-16 -1.0111900367732219425114604e-16 4.2730802884407077101701505e-16 1.0189280851560772122118245e-16 1.6503463873850252041641795e-01 4.3040987940511553355715790e-02 
3.7291111359880074749284518e-01 9.1523814254478932928016377e-02 2.0541143454326177988919986e-15 -5.5457631271120344996142748e-15 2.7904541655274608523024288e-16 5.9600944828212718499260745e-17 
4 (band)
-2.5583742933219379978027064e+00 (Ry)
9.3750000000000000000000000e-02 (Occupations)
1.6538311478874284104319018e-15 -7.2961848327309853454820150e-18 -5.5040972719270609139840663e-16 2.7656761445547033447994822e-18 -1.1060923472312169107097301e-15 2.8662407374713211329221563e-16 -9.1782456247404978897779415e-16 2.0858691366007063266117460e-15 1.3689458047845840315088335e-15 -7.9448873691292147937175452e-16 
-2.2540698380668194295228031e-15 5.8358204335893022850300253e-16 1.5866732193485145045308552e-15 -3.9530824705474563366907610e-16 -2.0284818357154698658192758e-15 6.6449517946806885343055749e-17 2.3693913616180055668545133e-15 -6.6000274597271785968208902e-18 -9.7612220544163497137901686e-01 -2.4360738763040666078618646e-03 
4.3354281423978341392100333e-01 -5.1801499833972327810349690e-03 -1.2266025453965599315693223e-14 -3.6935564884362850561897118e-15 5.1834610709206655856923952e-16 3.1558989800051793172419607e-16 7.3552416260676118922824246e-16 -2.2685734868139259656136072e-18 -3.8397706822715288454972438e-01 -9.5827807193953203849373645e-04 
1.7054268188420546037420422e-01 -2.0377149423640651855482719e-03 -6.5854769927847945856424613e-15 -1.8015738337563705505047388e-15 -4.1399440875698870916513664e-16 2.5477190608119779149468627e-17 
5 (band)
-2.1343229183284080363591784e+00 (Ry)
9.3750000000000000000000000e-02 (Occupations)
-1.0557639241283216513522802e+00 -7.5913461600005410748380051e-29 -4.5770379866238009025636302e-01 -1.8682666148499343467814652e-30 -1.5963026049873992284278473e-16 -4.6635795823665401358104824e-15 -5.6040493910052451847006650e-16 1.4412602463560306026464121e-29 1.5772126942857883637258972e-16 2.1050552878962318051067903e-28 
-7.0879929913796290569062171e-16 -1.5412733725164417550449368e-14 4.2554099217747028906705262e-17 -4.6429905749498587565091364e-30 6.9342997937757130460616329e-16 -1.7676235219731409512568424e-29 -9.6361949625470255664794195e-01 -4.3315744484465266997114747e-29 -1.4791065003287208310240162e-15 1.0099126524119527418538644e-29 
2.0037455527549849712081934e-15 -1.4288574335028695048645183e-29 -9.6839595516226558859474992e-16 -4.7598561818505754472827836e-29 2.4144286448537928317381167e-15 1.2152888471908081600076713e-29 2.2743633289771575389792702e-01 8.4299901226693909943122831e-30 5.6229898619270707474049670e-17 1.5463701676663704847400569e-29 
1.6062605384991257596143388e-15 -3.7769748824989466938237024e-29 1.8906621806015970032190619e-15 -6.0674531334733872581146924e-29 2.3638702450446634772685717e-16 2.8593202719681165200958283e-30 
6 (band)
-1.9543562102701066418575238e+00 (Ry)
9.3750000000000000000000000e-02 (Occupations)
-3.4738689031898478013949366e-15 6.6418734661122631528902141e-30 -8.2119439818468801181481970e-16 -6.1100355918273574621633824e-30 4.7207966952072366850654573e-17 5.5699344836822137238868185e-16 1.0177933326343762522934327e-15 -3.5498216379149857674966715e-16 -9.6028469519342735194505490e-16 6.4723516860069812858834672e-18 
1.1582996923241088313033995e-16 1.0833413810283457799738262e-15 -1.7682549642428485245203058e-15 7.2339488270823676206497383e-17 1.2295850493613126046680161e-16 1.1742502324581339514916141e-17 -2.4138488059650606655422737e-15 2.6632554248435912111109467e-30 -1.3448631697180038676905930e-15 3.1247946474476982165376722e-16 
-3.7584037956026111423342350e-16 -1.8632594467971547417122723e-16 -1.0352331762921749508620955e-15 4.3710000980363525554148219e-16 -9.5013062434023554114759236e-01 -3.2970893728629302630790794e-15 5.9326945842013216542357964e-16 1.9222886675180514644120128e-30 -1.2008090283774320969371063e-15 1.4507382651378688745299522e-16 
-4.3822519060541894551017966e-16 -8.2885165081697945498900592e-17 -1.1561813348280032178666151e-16 2.1839071345282552576098147e-16 -1.8617092285229713821692599e-01 -6.3577414466524245519701826e-16 
7 (band)
1.1597247547081543928015890e+00 (Ry)
9.3750000000000000000000000e-02 (Occupations)
9.5462778566456046470979803e-15 5.9214376258235619772973951e-16 3.1459770116413493982574599e-15 1.3102838649438454868503033e-15 2.5987432906440160323979782e-02 8.1291761674331952658434375e-01 8.0590493029512754744525086e-18 -5.9503877856162601563991749e-15 4.8733801658667422722620328e-15 1.7385748697662262756125745e-15 
6.0474121109484173935966211e-03 1.8917019847229502027552428e-01 -1.4846500417881987430374143e-15 -5.7667752149375504923271293e-16 1.7986297822402029500756540e-16 5.3657531833848902153140909e-16 -1.9004139664404284846655105e-16 4.6586938187501570606208532e-16 -4.1446303539833317397438340e-18 -4.6264592219263155592565126e-17 
-7.9180697561168890952106958e-18 1.4560441389166303338019758e-16 -7.5640609860758465903485920e-17 1.1729258985870426947027016e-16 4.7002367628276251223933861e-17 -2.5698810821963489120682208e-17 -4.3072730477336149647488640e-15 -4.2812029273034357757694455e-16 1.8701367535520595604339444e-16 -4.4357381710751273907963620e-16 
-5.8817675005406065548415766e-16 -5.4396721880998315877984939e-16 -6.2090777428494213254843059e-16 -8.4339246058386887600898209e-17 -4.0430263159156962483851148e-17 -1.9216768685041539351862715e-16 
8 (band)
1.7199044741459919016790536e+00 (Ry)
9.3750000000000000000000000e-02 (Occupations)
9.0741812167438606914475666e-16 -7.5709330759354671352718597e-16 -1.8152549658114818926358155e-16 2.3378190319590772579828998e-16 2.0989330510266600796643303e-15 -1.3570439187492599921611804e-15 1.7966510316963206772555850e+00 -1.2939108120128115508862265e+00 -7.1384790368063888443828091e-02 -1.8024797485558483045586797e-01 
1.3843880033690499610475203e-15 -1.2555219699273346474474296e-15 2.7659541894235295522719298e-01 -1.9919828436845710140090659e-01 -1.0989727915789351819775277e-02 -2.7749275312312141755777262e-02 1.1051868499954184125606212e-16 -1.0832054920002929800710316e-17 4.2341474675673086161347075e-16 5.7003898880138617672414917e-16 
5.3486899897631505754384911e-16 4.1829920165792047592535676e-16 3.3719021732511789211423484e-16 -1.5657261575875905345258791e-16 8.7589354502232394750156655e-17 6.6668657831342683957680582e-17 1.5128933490794354188853439e-16 -6.2996591893086914514069341e-17 -4.0648876501548183895892334e-16 -1.1965701679538176818747142e-15 
-7.0383057000697622850667554e-16 7.2782592141407979498599853e-16 -4.6013321377145914419334893e-16 6.7444775308998636372788855e-17 -1.3205846738324190536142278e-16 -1.6670877789649445726325239e-16 
9 (band)
1.7199044741460061125337688e+00 (Ry)
9.3750000000000000000000000e-02 (Occupations)
-2.2023431724779052176167606e-15 -4.8012814679789064592372390e-17 -1.4855350310814803613502706e-15 4.3723286092802712126330797e-17 3.4201012897543567640651615e-16 -3.0515709667623099650890569e-15 -4.9624005225561498844122355e-02 -1.8741018873264356225938343e-01 2.2139283042887205610327328e+00 -2.6107137116094719653247580e-02 
2.6072432740291460659680381e-15 -2.5496890312332656951362803e-15 -7.6396430207170311701969645e-03 -2.8851902095661813990590261e-02 3.4083548559504567299072164e-01 -4.0192081826789637782892939e-03 3.8804636661467850187844478e-18 -1.4486040019129116128392848e-17 2.2303207666199021846309002e-16 2.2623557433145383620342181e-17 
-1.4596705646998638253602336e-16 5.2778510569610332390337219e-16 7.2635961397656775852175005e-16 -9.3708702052329975835268682e-17 -2.2003714681353244433103670e-16 -2.2788739842456044779722569e-17 5.5724162778805242296330246e-16 -2.8597775614609769965273237e-17 -7.1661355701702471625665688e-16 -1.1175711092457514827877930e-16 
4.5251809697766694589215670e-16 -1.9905446378884226368387736e-15 3.6729750150185193858701908e-15 6.8512388202699007139970759e-17 -2.9048162685780006309029919e-16 -1.5166272996215403788029719e-16 
10 (band)
1.9855770174917866111030662e+00 (Ry)
6.1086582470377695508467752e-02 (Occupations)
3.0405243491914024644984238e+00 6.9302667918032947009707667e-29 7.5957466248599203595404106e-01 -6.7414214286338193147191221e-29 3.5863937863570596602945899e-15 -7.5496230275361476221442222e-15 -1.6957931798696421750568811e-16 -1.6044369430562583852575492e-28 3.5283934955202280220374272e-15 6.0578423313210956436499948e-28 
8.5896481186238619307395849e-15 4.6975485199071047754009484e-15 1.4124777214636806210661811e-16 -9.5851688044566656555379311e-30 -3.7672574294617689539924739e-15 -3.2225861751750337719749884e-29 1.2555609904532766263329790e-01 -9.2371883844538188167537785e-30 7.1167823368322916832780714e-17 -5.4452969350406918180615450e-31 
-2.3535876207198770749235260e-16 -4.0796219507588818878114445e-31 2.5288676811517039219374731e-16 1.6785195674142064234175418e-30 1.0008398660204636219429147e-16 -2.7343369005385246381764973e-31 -3.2552874458409641889033992e-01 -2.5848733364822402016722006e-29 9.8617420308982897326544088e-16 5.3000902951277947385557280e-30 
-3.2710524705386824669073987e-15 1.8098160793017172074143289e-29 1.1323347261476215710838578e-15 1.7712743569691591875648032e-29 2.2089179023061239147453724e-16 -1.9647390966130068340264778e-30 
11 (band)
9.6383909711894624194883363e+00 (Ry)
0.0000000000000000000000000e+00 (Occupations)
-4.3593413539561840508440582e+00 4.8685601717934479449805193e-28 4.7705142124622463839500597e+00 -9.6349436315740858383890583e-28 9.0644433111245255815768595e-15 5.3799887464269668537560546e-14 -4.2571074802349251699788923e-16 -5.6356111731979986319560245e-28 5.6852487746316335706431701e-15 1.3985650966067976593001875e-28 
1.9505698931449112245204227e-14 9.5613968801502042538936783e-14 1.1587988853901558315298853e-15 1.1822374938962036306634224e-27 -9.2019852157030702479362822e-15 -3.5123244264625313162926445e-28 -1.4423945982148567157565822e-01 4.5025480398081384470424689e-30 1.6346120613973004213842536e-16 8.7872650748585911133673066e-30 
-5.9293261445750486709388864e-16 7.1790449626058349737984356e-30 1.2873925353409893642363303e-14 1.1886175458654626422734662e-30 1.6724047430418027384165019e-15 -1.1588469304402427149426047e-29 -1.8159873002346424986086504e+00 3.1139572724937593903565556e-28 -7.8649520679798429446763187e-15 -5.6673741137606338092692702e-28 
3.8442193697660766413207667e-14 -1.6194017414257001574731091e-29 1.0858901008231287329473458e-13 -8.3335435518909213869746718e-29 1.8930849998875970582850411e-14 -1.6314274964000203818064569e-28 
12 (band)
1.2257786390677857468745060e+01 (Ry)
0.0000000000000000000000000e+00 (Occupations)
1.9635241568663674807979976e-14 -1.7810129322820220907829042e-29 -2.7770786892357614888885574e-14 1.6661079503175017427623851e-28 -8.0735256287250572656122955e-15 -1.0555181636736101582217314e-14 -6.6982478552435599375105304e-15 1.5485795341141487407958347e-16 1.2892329286462827693255673e-14 -3.5083674692459957162198189e-16 
-1.7614380428569393251620253e-14 -2.2838624668044679157651423e-14 1.6055818013067053543253732e-14 -5.9642217567485092012449424e-16 -2.6733772559308878242190669e-14 2.2788890763318855448270990e-16 6.5135568283401769568469080e-16 1.4441826948452144048172947e-29 -7.1970537868401125055199751e-16 4.5988244760677105360212638e-18 
-2.2133663463827914990708882e-16 -1.1182548051754307909132248e-19 3.9092914550105918389079424e-16 -1.8262110453438162563205603e-17 3.1026031279171090160318158e-01 -4.5589259342322017301631744e-15 1.1172092484797247773739001e-14 1.2247949473980968291620470e-29 6.4263414427632812532922527e-14 8.4851864948919602449467535e-17 
1.5946174347742180828418115e-15 3.3338617764237571434069216e-16 3.6161867271033058064839716e-15 -1.8322668715089976418054507e-16 3.8153772133408137001708837e+00 -5.6063724056916896353627360e-14 
13 (band)
1.5309649791423874276574679e+01 (Ry)
0.0000000000000000000000000e+00 (Occupations)
-2.6456895418416985400546351e-14 1.4527468388961519683006530e-17 8.5780466120087503257841082e-15 3.0007928850616487339467315e-17 -4.8477182721310734678206226e-14 -1.1915798164007051325241479e-15 -3.1713781904678912735652991e-14 -1.9446868324346498066067419e-14 -1.8446791348344075134767316e-14 2.8162433121178252701542962e-14 
-1.0534439767921954453904020e-13 -2.5074562189228473270758142e-15 6.9438565951254541000616276e-14 3.9199506951615613947145145e-14 4.2516131823454343554902335e-14 -6.2170534307885867102639288e-14 -3.0376214345120950347262467e-16 -1.0388510739995201067327876e-18 -5.0576045122949719878846508e-02 1.9387522804363121597254205e-04 
2.1794159494685104092037697e-03 5.2085218484558346702367054e-05 1.5563418350658807596183312e-15 -2.2601551911665996965610083e-17 -4.7392344104936678663193542e-15 2.0225945851415557362475670e-17 -9.3708439463933558620929458e-16 -1.7133689347542524033065523e-17 5.0611823598750707020599293e+00 -1.9401237914229933073650969e-02 
-2.1809577106050898054334652e-01 -5.2122064578872485604565945e-03 1.0440897395732930064706620e-14 -8.2728873022819274450313991e-17 -5.5061236951107952652710828e-14 2.9341010652618271706292364e-16 
14 (band)
1.5309649791424170928166859e+01 (Ry)
0.0000000000000000000000000e+00 (Occupations)
-7.1706022744431667010869851e-14 -4.5818720146640614622899461e-18 5.2355409250982240912072589e-14 -9.4643117261260751674538835e-18 -5.2213359048065441939859099e-15 -3.7557940998189527622623073e-15 2.1709982585698405907717950e-14 -2.6805622628600531400945984e-14 6.8859598128083791489487665e-14 1.7874805508917561224543870e-14 
-1.0858949079492759716836951e-14 -7.9080488640139851949420483e-15 -5.0327673912972701708279077e-14 5.9593162183809147616459355e-14 -1.5392721886101735838353089e-13 -3.4857777804026805362835703e-14 -1.8340538178576182544603476e-15 3.2764708457377366823167830e-19 2.1791805322278726304852103e-03 -6.1147025615990640906236009e-05 
5.0576414048692570901710752e-02 -1.6427349801011494192593335e-05 -3.8162929187243243139895495e-14 9.7939667860333074603877665e-16 3.8671366206443529065219990e-16 -1.9694288745281250299184335e-17 -1.7335392312540002574682997e-14 5.4038576876285172537816690e-18 -2.1807221268256429813625630e-01 6.1190282208541469169404969e-03 
-5.0612192785480170087453189e+00 1.6438970827051643981697726e-03 -3.0193747097919659542541909e-13 7.6410749695030507877477272e-15 4.5192723291025288680716263e-15 -2.3473603389331933063796751e-16 
15 (band)
1.5842960635515327183497902e+01 (Ry)
0.0000000000000000000000000e+00 (Occupations)
1.0640045368941658855798811e-13 -3.1145439229069994829136968e-30 -1.7859207580191864653215504e-13 -6.4298590316146559113299107e-29 -1.9503879670088364424733452e-14 1.0419052018110383092741525e-14 -1.5964466811725132536004788e-14 -3.8787727569145753886344305e-16 -4.0384553866964226137100699e-14 -2.2856887645951794573746924e-16 
-4.2234509663050669590733612e-14 2.2198184042353937072013292e-14 3.3948397651550306939636670e-14 6.8731870353701715098328876e-16 8.1202872186966570347503746e-14 5.8510928876204677946405451e-16 5.0063844279915205959253129e-15 4.7547246232416072952468655e-29 2.9700817548588413429475667e-16 4.2674659889305382017712307e-19 
2.8693033933518680966370730e-15 7.4004427684161857188043524e-17 6.7411901074778124431929882e-01 -1.1997412272974248801231101e-15 -4.9320233464712326988738879e-16 -2.5995842536225494290622918e-17 7.5260138920305011126614896e-14 2.4894041697121938722630483e-28 -2.5287890060939485995807797e-14 5.1825245052268409244077825e-17 
-2.9101858350783966091412524e-13 -7.2416709523138093199477510e-15 5.2885726101916352703824487e+00 -9.4188679841198950224989890e-15 -5.3542112051497475575381190e-15 -2.8483301836148485489050282e-16 
