3 (index of k points)
0.5000000000000012212453271 0.5000000000000012212453271 0.5000000000000012212453271
15 (number of bands)
18 (number of orbitals)
1 (band)
-9.2737816036209856918048899e+00 (Ry)
1.2500000000000000000000000e-01 (Occupations)
3.7448177257754777791376455e+00 7.8111413776898410721526140e-29 1.0079611654004270171469670e+00 -3.9334541650766238306688305e-29 3.3528505209899209863400536e-16 2.2747023265556408441151274e-15 -2.5690598522334979429785621e-15 -2.2743635874707015952547705e-15 5.5207635403988326447129471e-15 -2.2747023265554136521744238e-15 
2.9053956694775979952551709e-15 5.4137266005740796541919328e-15 -1.1180189957809173866450078e-14 -1.0175306936236309743313760e-14 1.7402472261434758261629637e-14 -5.4137266005742563590347024e-15 3.7947076036992655190260848e-17 5.2478719785056852782390168e-31 3.0392380801937193823825112e-02 -1.0796008216307269617018545e-29 
3.0392380801933883971432948e-02 1.2781766976504311842707319e-29 -6.4876351336772862855993985e-16 -5.2618861752995831515019658e-30 -3.0392380801932378231455800e-02 -4.7608909547501450700213275e-30 4.4721171210682086893939413e-15 3.1997615153373374950376675e-29 8.0801322209162240728375082e-01 -4.3937806942389231088691063e-29 
8.0801322209160519882686913e-01 2.8446285130323854069225206e-29 -5.4526463164399273700700430e-15 -8.6086849549155507011739921e-30 -8.0801322209159998077865339e-01 5.7649190857313843236724108e-31 
2 (band)
-2.7381255848093437599288791e+00 (Ry)
1.2500000000000000000000000e-01 (Occupations)
-3.4555691641458222146043524e-15 2.4936649967558270651241669e-18 -9.2634233617162307424024619e-16 -4.3368086899813298180546435e-19 -1.6118031393705453097020213e-15 1.0327646797665470558290641e-15 -9.8256444813567035275339867e-16 -2.5624923717823104407856990e-16 1.3033614634954788356133462e-15 3.1845803732435231974776669e-15 
-9.6397569061819807056679303e-16 -2.6239092452019284835946890e-16 -5.5817547427289502768078105e-16 5.9557107937674913655631846e-16 1.9437432044472377891713402e-15 1.3972242815459297999512731e-15 -3.5308212158682805714704500e-01 -4.2330099663440991751561793e-04 7.6896860004855782655397434e-01 -4.1138009604558325180492795e-04 
-3.1938897239039842901320299e-01 9.5036944956644890843133755e-04 -4.9349195842462700856145830e-01 6.1745557449731413093840793e-04 4.4957962765815229211341375e-01 5.3898935352086440979391124e-04 -2.1768719209115519608310763e-01 -2.6097952780096953830091255e-04 4.9399466211966563955471088e-01 -2.6427551337728373125751657e-04 
-2.0517931095077560077477585e-01 6.1052874603440736647752551e-04 -3.0425465403408580300492758e-01 3.8068245893966331638152978e-04 2.8881535116889112124738404e-01 3.4625323265712287627848820e-04 
3 (band)
-2.7381255848093308813417934e+00 (Ry)
1.2500000000000000000000000e-01 (Occupations)
-7.3552275381419253626336773e-16 7.0473141211628369691086335e-18 6.0715321659188001785384475e-16 -1.1993986533214271514561062e-18 2.1633986715493708427965279e-17 -6.2576320895405391070832913e-16 -6.0158753417644403523102714e-16 -2.2610365084506862465998946e-15 -1.3210345733592222257187998e-15 6.1429742607904675476429694e-17 
-2.1046579876110848128279719e-16 1.2817168977999304536493816e-15 -9.5385908847290752761497328e-16 -7.5772633664736014142121145e-16 -1.6741363840572791548733952e-15 9.5868015340548965334887822e-17 4.9349097195049507202924133e-01 -1.1639950622970391888588715e-03 7.5162016043443413693125876e-02 -1.1312149140463325074773548e-03 
-7.0352429738769961531374975e-01 2.6133303617243731908903470e-03 -3.5307829296619785974797878e-01 1.6978822294690786715021247e-03 -6.2836228134425264890694507e-01 1.4821154476780374308064747e-03 3.0425404583908066680209004e-01 -7.1764272736479371890550016e-04 4.8284981619887756831843717e-02 -7.2670604393175919528957696e-04 
-4.5195245626293134577622368e-01 1.6788348041334383645151185e-03 -2.1768483161572041439946190e-01 1.0468024078176454277899765e-03 -4.0366747464304336689977504e-01 9.5212876020167667556054480e-04 
4 (band)
-2.4535787287198704831325813e+00 (Ry)
1.2500000000000000000000000e-01 (Occupations)
-5.4657165195784090938602162e-02 1.4116167146530510080682223e-29 3.6998853845541201934565834e-01 -7.7681229491805188687251205e-30 -1.0841750437301689271884552e-15 2.4543532367331238037665133e-15 1.5891438450372659085673727e-15 -2.4524871840901541148615945e-15 1.3264329604510821036259907e-15 -2.4543532367330543840068538e-15 
-1.7152319256884605223017170e-15 3.4499549561149963918884978e-15 1.1659333468364101906838351e-15 -3.5130419211209339110554129e-15 1.8648262729838847674758015e-15 -3.4499549561149427493469428e-15 -9.6977310350913198400135684e-15 6.0457449088946051301150232e-29 -6.1429969650782201284755502e-01 2.6919034483382071300562800e-29 
-6.1429969650782034751301808e-01 1.8382749979335637286890778e-30 -5.8124862084864392060630101e-15 -2.5678541375419355020304827e-29 6.1429969650781934831229592e-01 3.2225776993845106394058376e-29 -4.4715529971253373253681218e-15 3.0400872633120118278568861e-29 -1.6465168571439810045464736e-03 1.4380726212130380683602227e-29 
-1.6465168571449988535460029e-03 -1.3387401653190857303018067e-29 -3.0439578428684890168796741e-15 -1.4055843822963378221085209e-29 1.6465168571460756831437156e-03 1.7830336136903750566066545e-29 
5 (band)
-2.2818237640102503327454997e+00 (Ry)
1.2500000000000000000000000e-01 (Occupations)
1.8908485888148937753462121e-16 -1.4636729327968767452178617e-18 1.1431827706687172557240424e-15 4.1335207825825953348004490e-18 2.2213239573209313849497295e-15 -9.5718896716342644803311235e-16 1.7995817911465517587119490e-15 -9.2729233214002314677498705e-16 1.0153868934218938519231754e-16 2.8086157189402042766611276e-16 
4.4637466409432727564713790e-16 -2.4977143879299296983987920e-16 -4.5304431841177832547659268e-16 -1.5415449989233800761152016e-15 4.0813995982544901271860659e-16 1.6137788672058942858462506e-15 -2.6478460286317623273433242e-01 -6.8603826634933305281260907e-03 3.2040585016598749357186193e-01 3.1897303753341027694745424e-03 
-4.7575130099249207660250249e-01 -7.2146216498989558865706506e-03 7.8348802066202016813889486e-01 1.0238789116766880762932068e-02 -1.5534545082650030867199575e-01 -4.0248912745648639591178330e-03 -1.0075274947151659221677988e-01 -2.6104328133113715790236675e-03 1.1542444998890374896483024e-01 1.1490828709750924505050840e-03 
-1.7138679652732594083097695e-01 -2.5990278747608087754616957e-03 2.9812372549655025144588194e-01 3.8959446418654398482106505e-03 -5.5962346538422601260887035e-02 -1.4499450037857226133292121e-03 
6 (band)
-2.2818237640102303487310564e+00 (Ry)
1.2500000000000000000000000e-01 (Occupations)
9.6450625264310849158232981e-16 8.1315162935510274371071048e-19 3.1918911957973155873870784e-15 -1.3010426069993578298372013e-18 3.8315019488219613538516937e-16 5.8185436457213819534772149e-16 -1.9523623442422762318488114e-15 1.1063465059030183073394083e-15 -2.5881565718843718250273938e-15 9.6679472354667841349562013e-16 
1.7225267825097939001218063e-15 1.0692520095225113716804378e-15 -2.9216864493016279488329525e-15 7.8167325048172633837476433e-16 -1.4382482201121525280862919e-15 2.0181501797136030956428375e-15 7.8355271779163460088568627e-01 1.8573542523524539001045230e-03 3.6442063585855155594117605e-01 -8.6357562939490023663779983e-04 
9.5278866587856073100404330e-02 1.9532595859253648086506505e-03 2.6485895627079619751853556e-01 -2.7720113349104028022118484e-03 4.5969950244642632242175750e-01 1.0896839565304673909384992e-03 2.9814834329389028333423539e-01 7.0673878180084015281081644e-04 1.3128053509881187910224298e-01 -3.1109838348810053658410890e-04 
3.4323689051782825532033172e-02 7.0365105154679180761434498e-04 1.0078104156315992323555975e-01 -1.0547734291889048537788076e-03 1.6560422415059478096210910e-01 3.9255266805869289733349481e-04 
7 (band)
1.0749700828386461459729162e+00 (Ry)
1.2500000000000000000000000e-01 (Occupations)
-6.6854196620820647832839101e-15 1.6613312686269192464181530e-16 -1.4215330228552223846113064e-15 3.5500118340576795560281375e-16 4.5881197873884182331094550e-03 -1.5905348686114237355404555e-01 -4.5881197873888146174237157e-03 1.5905348686114012535242068e-01 -4.5881197873983304430511865e-03 1.5905348686115705625354622e-01 
-5.3886511637930576204547073e-03 1.8680500876085848194207983e-01 5.3886511637931252746702704e-03 -1.8680500876085801009729437e-01 5.3886511637926751139282544e-03 -1.8680500876086258976727095e-01 -5.0834298699923190828144516e-17 -1.2412352381043773328023669e-17 -4.6602797955750649125624400e-16 -1.8135812320764993230094530e-17 
1.0820970606444150337938415e-16 1.4497884736631647706071666e-16 -8.8076024660905274572845796e-17 -8.0155313258682043540381110e-17 -3.6713836447301565653015520e-16 -2.1174455879522426946824502e-17 -7.4745138016154105781028834e-16 -1.2289487675220950637488920e-16 -2.5347529888849757515239628e-15 2.2102752050416543409598357e-16 
-1.9110164966232949747551406e-15 2.0091615290804315611161088e-16 3.1605128888754301934218657e-16 2.1394414251789693061866970e-17 2.1470815379314547444171785e-15 3.2289984016301545373481767e-16 
8 (band)
1.7440119042553869910250341e+00 (Ry)
1.2500000000000000000000000e-01 (Occupations)
-1.2390060974711425213883031e-13 -2.2214646640587685985994819e-17 -3.9232370644937893397761967e-14 -1.8681030190210720059885874e-16 -3.3328055806976741859415370e-01 1.1634371264417164848481434e-01 2.0043367274890417917276864e+00 6.8514524864588144392740787e-01 -2.3376172855587991072923160e+00 -5.6880153600171090566561816e-01 
6.3155606986536078073513067e-02 -2.2046763944666897261370764e-02 -3.7981544247022314131356779e-01 -1.2983284804485592522915738e-01 4.4297104945676757381534117e-01 1.0778608410018858387857676e-01 -3.3617028327413893264229599e-16 -2.5694438410984829026166225e-17 5.2436111109564005842500747e-15 -4.8810285237875985652731278e-17 
5.1226974392940356194216515e-15 5.4103283225830118616961306e-17 -1.2232268695162939919529958e-16 -1.8036096719046358724932089e-16 -5.4216131565636654722766847e-15 2.9187565644249888819416889e-17 3.7620452161224779106489055e-16 -2.0543603943684905124761888e-16 -1.1111039173028260452472737e-14 -5.9340587026147333767332546e-16 
-1.5373291754954012425610530e-14 -3.2511284718565815924981861e-16 7.1934420761985587907645852e-16 -3.2929476794232590762511940e-15 1.2419372610658667318979555e-14 -7.8952345271023481148538284e-16 
9 (band)
1.7440119042554071970840823e+00 (Ry)
1.2500000000000000000000000e-01 (Occupations)
-4.7338362850240507738375101e-14 2.3165450098634330460291615e-15 -1.0537545266512873776559053e-14 -8.5173702252570429826355503e-16 -2.4687657978768391409118976e+00 8.4469590106951697450199390e-01 -1.5275593669664471185853927e+00 3.3570846191119985135742354e-01 -9.4120643091038358463151781e-01 5.0898743915831246020786693e-01 
4.6782327590765060421063026e-01 -1.6006718981766049347825742e-01 2.8946764728037749359046416e-01 -6.3615687051515656946776289e-02 1.7835562862728304711623650e-01 -9.6451502766148958234460054e-02 -5.6217010716596286697783663e-16 -1.9625428218791257633222247e-16 1.6379556119074156719652909e-15 2.7003971120833956401754402e-18 
1.3489373342562349905771679e-15 -1.0726412779230206735349394e-17 6.4439880028657827518513434e-16 6.2350898379295602455528048e-17 -2.3443231117661925449226412e-15 8.1933004076624636959715094e-17 -1.1264245750238474966296936e-15 -3.2658027374923656375154340e-15 -3.8064179770971098055259351e-15 -1.0515295488596173822721113e-15 
-4.1103286554672653103370576e-15 -3.1788063838701490746230992e-16 -4.1602505740250081539928719e-16 8.0317950276776380478098112e-16 5.1572580605901847713143147e-15 -1.4810403114196974356594724e-15 
10 (band)
1.7580085867124948251216665e+00 (Ry)
1.2500000000000000000000000e-01 (Occupations)
1.9970861292299548761519645e+00 2.4425801134472872096509360e-29 6.8154042773773348962151886e-01 -1.1074515198719253958011638e-29 -6.9170583030460455928297589e-14 2.2318243442102157058696855e-14 9.0585767824699746464246112e-14 4.9998799632624784687746341e-14 -1.5918140185885768517314370e-13 -2.2318243442060498892013944e-14 
1.3154491384614364797599532e-14 -1.9445957514454377850604701e-15 -1.6120117675485493550720932e-14 -1.1126563074548383575711245e-14 3.0453720609631970806400344e-14 1.9445957514372730746914326e-15 -1.0684812409844646197143447e-16 -4.5776112385759080383111797e-30 -8.8223201743425419540933774e-02 -5.3993568519664067384559863e-30 
-8.8223201743425572196599660e-02 4.8299308572144817218741870e-30 -1.3094667570161446188455844e-16 -1.2954030220082568798159996e-29 8.8223201743425350151994735e-02 2.9970446386836579472629557e-30 -1.0833348107475160304602468e-15 -9.1195563279349579774459344e-29 2.1651325669689169828302511e-01 -5.9051211088511057156858935e-29 
2.1651325669689280850604973e-01 -4.9967191244096268338895426e-30 6.7623358790254673721689046e-16 -1.6853701534245839417683890e-28 -2.1651325669689613917512361e-01 -5.7319182805254338799410367e-29 
11 (band)
7.2776485620270161547296084e+00 (Ry)
0.0000000000000000000000000e+00 (Occupations)
-6.7298003384372337976060408e+00 7.4725005772842030150240178e-30 2.8397440961514255342024171e+00 2.3234140486661964029677768e-29 1.7174077031134994672763759e-14 2.3026686670371347659022947e-14 -1.6825794335891223519330111e-14 -2.6145069912239238747522524e-14 -9.2966569564753675396859864e-15 -2.3026686670371903017100222e-14 
9.6318416552311137972210858e-15 1.5563337268134507134696521e-14 -3.9062778638929337003776084e-14 -2.2694352894064075244103369e-14 -3.9361088031384635826574008e-15 -1.5563337268133311221564206e-14 -1.0656013289637999985615124e-15 -4.5878298967921302840999650e-30 -6.0167054424389174172027595e-02 -5.5539475461860784364053586e-30 
-6.0167054424386398614466032e-02 1.2557045092021121965417924e-29 -2.6674084715215071574118377e-16 -4.4284514564732418824719017e-30 6.0167054424378398069794827e-02 -1.0980483495592072169551176e-29 1.1585784415180100381803641e-14 1.1468413260729312805592727e-28 -3.0424194673381151077240503e-02 4.0120525207344478786256203e-30 
-3.0424194673346803552416162e-02 5.8571279799434439218108524e-29 1.2927553092041518613241306e-14 -3.1590227551053345487178543e-28 3.0424194673264653987487804e-02 -1.2757097973460366003525490e-28 
12 (band)
1.2484980122450812345391569e+01 (Ry)
0.0000000000000000000000000e+00 (Occupations)
1.6164847238542269131148490e-13 1.8505975834144567092273480e-17 -8.2406304002802269456493028e-14 -1.0752236231930965414511876e-17 -1.4236233323168692216203572e-13 -2.8226115819279781416100895e-14 1.1674556107668974279511270e-13 6.1221653121384787534883491e-15 9.2078010549383613088107286e-14 -2.1138078029454498820532242e-14 
-2.2380375969162944574227900e-13 -7.2619391252146791708588797e-14 1.3874512669719685438031150e-13 1.1932236164052776752332951e-14 6.5948393188841819419989525e-14 -6.8467107031906414227940475e-14 -3.3952465656022015605408626e-02 -1.7307868818867142874658822e-06 -2.9187897756471981036696661e-01 -7.2035606503418584019293736e-05 
-1.2336136075875470119456168e-02 5.6527703975899122688236753e-05 -1.8012677781676589283677004e-02 -8.2841308826872232632960308e-06 -3.0421511364060249693608284e-01 -1.5507902527520542145097679e-05 2.4829493005509957193055470e+00 1.2657272438740445135406387e-04 -2.6586693485121770663681673e+00 -6.5615845515828421976450846e-04 
-1.1236748579037314499373679e-01 5.1489996010105234906795157e-04 1.3172700372390142575795835e+00 6.0581983026491786036016318e-04 -2.7710368343025426618453366e+00 -1.4125849505722991913264641e-04 
13 (band)
1.2484980122451242223746704e+01 (Ry)
0.0000000000000000000000000e+00 (Occupations)
-2.5812685322530970503872298e-14 2.2090619263643144820834055e-17 5.2458037913545620065418750e-15 -1.2861348271152588172075323e-17 -2.4782759898548607590228533e-14 1.5396959992506055719171875e-13 -2.5847557070576084229858402e-14 -1.6792735847096359791984451e-13 -7.3454810033323009249583963e-14 -1.5606540253288681801245325e-13 
-1.4639014601978123040283367e-13 1.6746583685654210101986056e-13 -3.7336734574329307629609891e-14 -2.4173207131690285165390596e-13 -1.9980919798318566514366124e-13 -1.7400598028719679007938460e-13 1.8012679566404184161587665e-02 -2.0811876205438667915292601e-06 -1.8276093024399808761870645e-01 -8.6619337175843308471862025e-05 
3.4415508101882408276139813e-01 6.7971833489110632803287260e-05 -3.3952464238874532909129300e-02 -9.9612672256410885720991771e-06 1.6139415077482549554233060e-01 -1.8647503686733990263708904e-05 -1.3172701677567175693184254e+00 1.5219758703642253085466796e-04 -1.6647340873925895454732427e+00 -7.8899884691683739787460006e-04 
3.1348422989339184141499572e+00 6.1914233004149222573675448e-04 2.4829491969151593622200380e+00 7.2846908206982167663379180e-04 1.4701082115413341977472328e+00 -1.6985651687534292241833767e-04 
14 (band)
1.3578705616516545617855627e+01 (Ry)
0.0000000000000000000000000e+00 (Occupations)
6.8287781479903715190371796e-14 3.9250300381160966149064901e-14 -2.3888253746163567582985178e-14 -1.8159678635277591012616668e-14 1.4179383439830945956572350e+00 3.2912080493974982253746475e+00 -1.4179383439830643975909652e+00 -3.2912080493974054107297889e+00 -1.4179383439829684743216376e+00 -3.2912080493971958006227396e+00 
1.7312752450201045473221484e+00 4.0185012601653529173972856e+00 -1.7312752450199986320455992e+00 -4.0185012601650154095977996e+00 -1.7312752450196324804920778e+00 -4.0185012601642124963063907e+00 -1.5958424856941469712608614e-15 -1.5727382243573036973626209e-15 3.0242074595202739157870651e-15 -2.3734625406359598337868576e-14 
-2.6986469945144618016913237e-14 7.7181331717203487187608424e-15 9.8869531504038053544544493e-16 -1.2402295488417160472683316e-15 -2.0415836315209564762344658e-14 -2.0014761866666697336057445e-14 -1.8663421917821934834263516e-14 -6.4973739059024455493931751e-14 2.5038815919086926656762255e-14 -1.9703497818756998880790569e-13 
-2.2795426005439744331692111e-13 5.7940472324290185859566473e-14 -3.7027949165963262529282007e-14 -4.8929673147058719478551486e-14 -1.6771281402231427242834841e-13 -1.5581208390128951727333588e-13 
15 (band)
1.4851781160099086775971955e+01 (Ry)
0.0000000000000000000000000e+00 (Occupations)
-7.8825834748386139613626816e-14 -4.6078592362556134828897848e-18 4.8683279629813114297576249e-14 3.1238575082243078284737795e-18 3.0550005498245965354660291e-13 4.6208967832657834049675906e-13 3.0221991072533372417823177e-13 4.4254284962920753580874765e-15 -5.7124905935296912341485672e-13 4.5978785326987330849112746e-13 
6.5223222554247781961967876e-13 1.7372495281929848397737397e-12 1.6432041137480946347379568e-12 1.4705813637292147343312706e-14 -1.6927255645823385982676960e-12 1.7250913773825817330207945e-12 5.6270338289629365235988701e-03 2.0648198726683634124162356e-06 2.7042950467834592220839340e-01 -4.8299566207495720198544786e-04 
6.3985190464912189423074551e-03 5.8457671206973461919265134e-04 3.0985873487403541720608402e-03 -1.2528704706642465941095893e-05 2.7682802372484188735413113e-01 1.0158104999477855561948458e-04 3.3529244674980920315476851e+00 1.2303436024232079510493110e-03 1.9685964863883080866457931e+00 -3.5159756862789288273107857e-03 
4.6578135503377970927374463e-02 4.2554367829566799863449944e-03 1.8463243072753146023501358e+00 -7.4653541872811337437587653e-03 2.0151746218916759545436435e+00 7.3946109667775094219377419e-04 
