2 (index of k points)
0.2500000000000012767564783 0.2500000000000012767564783 0.2500000000000012767564783
15 (number of bands)
18 (number of orbitals)
1 (band)
-9.4894653905449288799900387e+00 (Ry)
2.5000000000000000000000000e-01 (Occupations)
2.3792397863277030545248181e+00 1.5610216125971418872310208e-15 1.5253673683978186126353194e+00 -8.3327460949240093018782167e-16 -2.3537168393305230277703358e-15 -6.1543078070207590801743436e-02 -2.2971373634042737915278293e-15 6.1543078070226603371040142e-02 -1.3423259206753949065387130e-17 6.1543078070238704802008556e-02 
-3.1677967408457098870726497e-15 -9.5156247884275502180173589e-01 -1.8307115086833247332191364e-15 9.5156247884280387161481940e-01 -2.4343718839105454309844482e-15 9.5156247884284694826817486e-01 -4.3853809472693683346733451e-15 -4.1040146700926447619802064e-16 -2.8751235707657721470120737e-03 1.0094991474889591925071173e-16 
-2.8751235707654551262968390e-03 -2.9993117869574639620418202e-16 -2.1035659053146572189696160e-15 1.4524542621381865164982102e-16 2.8751235707614036796186952e-03 -6.0233461336410179326319328e-16 -6.0368376963992855331098763e-15 -9.1299316834552369211036727e-16 3.9719071449414594665583422e-01 5.9116931151266644913846610e-16 
3.9719071449413745344969584e-01 -1.3613306065045508836885514e-15 -5.2407808617212934861972003e-16 1.6924483382794754553742060e-15 -3.9719071449414766750152239e-01 -1.7200032588732665654518487e-15 
2 (band)
-2.6464185023978554767154492e+00 (Ry)
2.5000000000000000000000000e-01 (Occupations)
5.0286320781617455111245363e-01 2.9944734328332603010850835e-15 -4.8380221333095452251882307e-01 -2.7920212406612884207034584e-15 -8.8566214493266903256601664e-16 -1.4325903875382717256314891e-01 -5.3538636690236883090054784e-15 1.4325903875382894891998831e-01 1.4904974962800572953554141e-15 1.4325903875381795771204452e-01 
-1.5928315486615890127483856e-15 -1.0324637814295661852881381e-01 -3.9922208693325130918169347e-15 1.0324637814295870019698498e-01 -1.9865792411065511338664432e-16 1.0324637814295414828258401e-01 -6.7376659806939187546959147e-15 2.7591148613189865697539278e-16 6.6079696807989030116203821e-01 6.2957516410736155301672888e-15 
6.6079696807986065820728072e-01 -4.8091345526313947229116771e-15 -6.4144339930326436707638932e-15 2.3831528185516880270847242e-15 -6.6079696807985877082813886e-01 -9.9315512233062123020104851e-15 -3.4278135885301649021011736e-15 5.2791275610419960171348751e-16 3.2039628470029057893952995e-01 3.5725699264202758267049134e-15 
3.2039628470027536888409259e-01 -3.3776958533129846638817363e-15 -3.5223147856586595743228739e-15 2.3498440331855434002835357e-15 -3.2039628470027464723912658e-01 -4.8074091905629594445725544e-15 
3 (band)
-2.5771073502048329473268495e+00 (Ry)
2.5000000000000000000000000e-01 (Occupations)
-4.9331496531152828761930377e-15 -7.5725812459177981018263407e-15 4.0961885596150353548694078e-15 6.7094121087988148232755249e-15 3.1771108936674716249903838e-02 -2.2676294253876384809931466e-02 -1.3043755225896033755894621e-01 5.6596854191671826239673493e-02 1.6220866119564261720320530e-01 -7.9273148445552790719581537e-02 
5.9199657767314284306792160e-03 -4.2253131986608183368048230e-03 -2.4304655116453743879390004e-02 1.0545789904685368143510971e-02 3.0224620893190279335982495e-02 -1.4771103103349642049479939e-02 -1.0249575638696969970276029e-01 -1.4360388012525254763929183e-01 2.3471815794702069468691263e-01 4.8028013148796355746839026e-01 
-1.6757640666424933328926272e-01 -3.8620973928357643645270514e-01 -3.5456573008659986179225143e-01 -7.6368820428788197762770551e-01 6.7141751282790929078458930e-02 9.4070392204418040726920935e-02 -5.2916423326103884106075270e-02 -7.4139691045248076739504484e-02 1.0501184884983699729943396e-01 2.1487517205540548892450659e-01 
-7.4972931115951477187842045e-02 -1.7278850141255883143820427e-01 -1.8305489838384456091624486e-01 -3.9427630695925974801951952e-01 3.0038917733895054151815884e-02 4.2086670642861805091694549e-02 
4 (band)
-2.5771073502048191805613442e+00 (Ry)
2.5000000000000000000000000e-01 (Occupations)
-1.3810140223264565142996644e-15 4.4358330941011683091492413e-15 1.2104394507185794166109340e-15 -3.9179619758233868884462230e-15 -1.8339373888439330917421444e-01 3.2673503434152068036766536e-02 -1.2549956942814299853949933e-01 1.6035526260610895310509960e-02 -5.7894169456253384564714537e-02 1.6637977173540284547836876e-02 
-3.4172073125499025092466354e-02 6.0881105069882784919244045e-03 -2.3384552219744780821031327e-02 2.9879273922655963380279331e-03 -1.0787520905755659805791424e-02 3.1001831147211209027680923e-03 1.4768265973283711822716668e-01 8.2893085497794105620528171e-01 -4.9263028285304814868350576e-02 -1.7141759949117227335158020e-01 
-4.7479244352039977339341448e-02 -3.7158897226784159961709975e-01 1.5721531142540102945343028e-03 -1.7642273889427484423464421e-01 -9.6742272637339754570717787e-02 -5.4300657175903266349337173e-01 7.6245479967416554534231921e-02 4.2795972805425147589275525e-01 -2.2040057426445491817190714e-02 -7.6691463521251473922646369e-02 
-2.1242000512487327346100585e-02 -1.6624723596742255193881022e-01 8.1166989405019585295669726e-04 -9.1083383983565691099926198e-02 -4.3282057938931639551327635e-02 -2.4293869948868385133522452e-01 
5 (band)
-2.4759400002211102709281931e+00 (Ry)
2.5000000000000000000000000e-01 (Occupations)
8.5055729136184451650464980e-15 3.5822431663968815903353690e-16 -7.1795753594536742322461806e-15 3.0513577706361598710680961e-18 -3.1604614437804601223547252e-02 2.8553886999934496859765432e-02 5.7882941284059186148880372e-02 -2.0580909121197288325078034e-01 -8.9487555721862205304617532e-02 2.3436297821191043322386349e-01 
-2.8624857992451763211150251e-02 2.5861760222196383818271670e-02 5.2425603156838584961718652e-02 -1.8640493213707109987353761e-01 -8.1050461149289820816932206e-02 2.1226669235927220213966393e-01 -7.3079409125594074758680563e-02 -8.0887290363061151166057527e-02 -6.0143607841104562705680792e-01 -2.2964823621281738041943754e-01 
5.2815941179905179225784195e-01 1.4854261316522551772401073e-01 -6.5041664199459581219286974e-01 -2.1776080412626222515548591e-01 -7.3276666612018814817020029e-02 -8.1105623047588906726623748e-02 -4.4185667383482465919719573e-02 -4.8906510743550540842861096e-02 -3.1965525259034921479184277e-01 -1.2205497406719616193537803e-01 
2.8070968178801275483280619e-01 7.8948417356680178347261290e-02 -3.9325842597418381174634305e-01 -1.3166371451835884309744529e-01 -3.8945570802347583005964538e-02 -4.3106556710515255004256829e-02 
6 (band)
-2.4759400002211022773224158e+00 (Ry)
2.5000000000000000000000000e-01 (Occupations)
2.6619419217322522376308299e-15 4.2298114847829367622151631e-15 -3.2423358424190921624881348e-15 -3.4544885610732035651062330e-15 -1.6072957215249795981382164e-02 2.6751603953640457067564284e-01 8.1070384096645839444583714e-03 1.6692455328827482397002768e-01 -2.4179995624916732210873960e-02 1.0059148624813019079482501e-01 
-1.4557561482380146355986028e-02 2.4229400606993856115423114e-01 7.3426880012309597711706033e-03 1.5118651875132349537977916e-01 -2.1900249483613909440293810e-02 9.1107487318615509863661828e-02 -6.8466734847640486893993739e-01 -4.1136333424387251656018094e-02 -2.5814379673870702092131069e-01 -6.2052128948010931708267890e-02 
-4.2837162032238873532463685e-01 2.0804759462600564551282289e-02 9.8016511529042851802451253e-02 -4.7708670575653998324749949e-02 -6.8651541706110519314165686e-01 -4.1247369485424699442344121e-02 -4.1396727327278970420820770e-01 -2.4872072281566823953591339e-02 -1.3719998435935060188128887e-01 -3.2979878767913965720293135e-02 
-2.2767380177533350082974550e-01 1.1057452121377587400674614e-02 5.9263273038626315680765799e-02 -2.8845874297383167217390110e-02 -3.6487378613468840482525479e-01 -2.1922426646542914757676002e-02 
7 (band)
1.1990338559201159096545553e+00 (Ry)
2.5000000000000000000000000e-01 (Occupations)
6.1846309486464901006286254e-01 2.1686623355087565083930808e-15 7.1367449443218278215539385e-01 -7.3456554279403216139211950e-16 1.4891377963940090999703513e-15 -3.3780671843213960769958248e-01 1.4339658325754538247878260e-15 3.3780671843214216121253912e-01 3.0124320759066646047943737e-15 3.3780671843214754579420855e-01 
-1.4370132453544449291231511e-15 -2.7235891059509026446150415e-01 -1.2191727780368197881558086e-15 2.7235891059508676725897658e-01 -2.2492233824263157321082415e-16 2.7235891059508554601364949e-01 3.6689401516909455255670230e-16 -9.6390127380064091235279649e-17 -9.4810492757025494059419657e-03 4.0248087662101942693429585e-17 
-9.4810492757025285892602540e-03 2.0426892478960360231627997e-17 1.2101943395813547283318048e-16 1.3535771022066501669180249e-16 9.4810492757027176741191354e-03 -1.8348524799274961253490559e-17 1.3530843112619099280717537e-15 -4.7122256189854515646989151e-16 9.0785602377453825106989882e-02 3.3988015866569520797538680e-16 
9.0785602377453589184597149e-02 -1.4850202354432520447308535e-16 1.2596705359503016032154533e-15 -5.9443112651875622984252380e-17 -9.0785602377451743438818710e-02 -5.3557956503456758622470262e-16 
8 (band)
1.7214969872874121836758832e+00 (Ry)
2.5000000000000000000000000e-01 (Occupations)
-3.9780430117424987802647408e-14 -4.8191580690248787309282574e-16 -2.6173003586695348904530518e-15 6.3965181700447970334947885e-16 -5.9656719637794586308388034e-01 -4.3655714446080601254251974e-01 2.6017872688505599976238614e-01 1.8831806234524266496777045e+00 -8.5674592326299792155452906e-01 -2.3197377679131476746476892e+00 
9.1592132619798857784410018e-02 6.7025475276452139983263123e-02 -3.9945750625227031960218227e-02 -2.8912841748176060230335338e-01 1.3153788324503012940880353e-01 3.5615389275821818237943717e-01 -9.2754609934299989820738475e-03 1.2675169402617701350233226e-02 -2.7765271341964521158163226e-03 1.0254513833228267455366378e-03 
2.2540056776847302785760085e-03 -3.1141161942047968815006076e-04 -5.1556655094285544493892814e-02 1.3701169899537441951298256e-02 -5.2252145651641177057783461e-04 7.1403976390248420896139647e-04 -5.6386310746816291350480554e-02 7.7053425291830623944377976e-02 -1.6056570651035331764866498e-01 5.9301536738933284531594126e-02 
1.3034845208528422766391941e-01 -1.8008837757055220357704783e-02 -3.1341726058380314778872844e-01 8.3290568964436664800565779e-02 -3.0217254425076618684631313e-02 4.1292698981875715358302870e-02 
9 (band)
1.7214969872874186229694260e+00 (Ry)
2.5000000000000000000000000e-01 (Occupations)
-3.1049203350681276766898213e-14 -1.0911428299952721396280332e-14 -1.6958274109822109696077344e-15 1.6053353827046263902717690e-15 1.1819463028613994559634648e+00 -2.2151788859325800551403063e+00 1.1803001502288232860138351e+00 -1.3576886405221133546916690e+00 1.6461526325529903577032931e-03 -8.5749024541040141933478935e-01 
-1.8146653583778207807775118e-01 3.4010076237644232266532640e-01 -1.8121379879298565862555392e-01 2.0844860189114083892647500e-01 -2.5273704479947435444855963e-04 1.3165216048530764547663807e-01 -4.7065557420474121719244920e-02 -2.5112627218736600226423050e-02 -1.0263422730888379676150723e-03 -1.9703035037988347699764325e-06 
-1.6250368478458415526233249e-03 -1.4127180403480793513537606e-03 6.1358688735114151613370126e-03 1.4458395802880974131965353e-02 -2.6513791209378206707725223e-03 -1.4146883438528551433371883e-03 -2.8611549852483969536010022e-01 -1.5266178177317452080430371e-01 -5.9353056618948789313616743e-02 -1.1394204298840972158085583e-04 
-9.3975378942349127586730617e-02 -8.1697047889278617827102380e-02 3.7300465092634030317420013e-02 8.7893809183086216152425152e-02 -1.5332843556130099083034679e-01 -8.1810989932265903989971889e-02 
10 (band)
1.9048564173481328243298094e+00 (Ry)
2.4999999986526222350846638e-01 (Occupations)
-1.6064217841259429420119886e+00 5.0602480448757051961267208e-15 -2.6214078166315779583328549e-01 -6.9786444547306830074773992e-16 2.7312236928303667242627502e-16 -1.1373514457374895858521313e+00 -1.4633422888356920000149996e-14 1.1373514457375331065946966e+00 2.5875937054335715514135042e-14 1.1373514457376368014251966e+00 
-3.4765551751066929587026056e-15 -1.1048389824068581555049917e-01 2.4411064764645847443189486e-15 1.1048389824066678910341466e-01 -5.9358625702869336694328317e-15 1.1048389824067043896160811e-01 1.5367481592809535903317110e-15 -3.4106712570902784965291520e-16 6.6633289167480749815020147e-02 -2.6187238676556602773665053e-16 
6.6633289167480971859625072e-02 -2.2231159890167555877534034e-17 6.2231268746773988652348905e-16 -5.4428797917011505794432202e-16 -6.6633289167481041248564111e-02 2.3609682280229713016864311e-16 7.0742023350334216975945437e-15 -1.5652004689442041314463978e-15 5.6559092102186139805475307e-02 -2.8286393486916957514934083e-15 
5.6559092102182184635950080e-02 4.1307700486867694055978130e-16 5.2967331255704125165588236e-15 -3.1620715844935460092720392e-15 -5.6559092102179062133693321e-02 -5.5231943310451597977593977e-17 
11 (band)
7.1111239421622380874055125e+00 (Ry)
0.0000000000000000000000000e+00 (Occupations)
5.6990499093482780423869372e+00 -1.1332548258632488552839245e-14 -2.9505729814643517627814617e+00 5.9472499258214540417355200e-15 9.8980383640536963641090199e-15 5.0241663735812025493032706e-01 -1.4619389483925365939034397e-15 -5.0241663735823616221409793e-01 7.4761409463506717279267567e-15 -5.0241663735840536020305080e-01 
8.7196451200171061434395622e-15 -1.4265110861462981795000360e+00 5.5268101022183915963789734e-15 1.4265110861460850166793080e+00 1.9126644080861815920557642e-14 1.4265110861458043522986827e+00 1.2335618637671075248363195e-14 1.2109523512597140881177905e-15 1.9296302996818939790024672e-01 1.5446973884288887565275118e-15 
1.9296302996817588093492191e-01 5.2171926220935264025959352e-16 1.1333265281932798870367838e-14 5.2160700362945747491079973e-17 -1.9296302996816688812842244e-01 1.3856109652007600427948847e-15 1.9623191960249619763882344e-14 5.2184025487640017758258635e-15 4.3332270851257431720782165e-01 1.2693738100755239456762560e-14 
4.3332270851251941667925394e-01 6.2645916485230307132236149e-15 4.5234816704036589306883661e-14 -5.1391086392956247652365902e-15 -4.3332270851248827492341320e-01 8.4633871629022699260947251e-15 
12 (band)
1.0060950508275222858856068e+01 (Ry)
0.0000000000000000000000000e+00 (Occupations)
-8.6957859242887461126560610e-14 9.0137192682264941507962570e-15 3.6104962957697480609486608e-14 -4.8949044940564102418584290e-15 8.4826183328510357251062146e-02 -1.2653607173718808276419168e+00 1.2765071583724169057560971e-01 -1.6374704992538799963597285e+00 -4.2824532508728030411049303e-02 3.7210978188201004890345303e-01 
1.1395953326700017371742035e-01 -1.6999458316736399954294257e+00 1.7149204911970464260129177e-01 -2.1998558288396998783298386e+00 -5.7532515852711241244321627e-02 4.9990999716596218327424594e-01 -2.0717192627782484576348665e-02 -1.3888216662464262368681389e-03 -7.1334833786279888689918494e-02 -8.2096226899330739662508094e-03 
3.1390920524430848681518569e-01 2.4471118579292367584132606e-02 1.8995961885692604770303760e-02 1.6114515804262203972629930e-03 2.4257437145803345535099993e-01 1.6261495889358438399208140e-02 -1.0904973599403797734908039e+00 -7.3103841223838436635951155e-02 -5.3312227925500177416751058e-01 -6.1354776172791787580695910e-02 
2.3460066014924900734683888e+00 1.8288538460744843683336569e-01 9.9989639803369934067944769e-01 8.4822481776466451819374015e-02 1.8128843222374728672008359e+00 1.2153060843465575413535618e-01 
13 (band)
1.0060950508275350756548505e+01 (Ry)
0.0000000000000000000000000e+00 (Occupations)
-2.9947418114521324635787866e-13 -6.2665016676488048638279513e-15 1.3849582403319941707210975e-13 3.3100806950570537844271420e-15 1.4264199590995468858167783e-01 -1.1556289052050567889295962e+00 -8.2485200378653381059201877e-02 5.0965673009093137579839095e-01 2.2512719628860583531704265e-01 -1.6652856352958855801205118e+00 
1.9163204850577636451092189e-01 -1.5525268908654485944254020e+00 -1.1081454531772896854313615e-01 6.8469711601442084791813159e-01 3.0244659382350819187834645e-01 -2.2372240068800284262806599e+00 -1.8920602091342234030157954e-02 -2.3354144517975447548074897e-03 3.1924147062112551154200446e-01 4.3157723634129535605907790e-02 
-9.7703097040930234062905413e-02 -1.5812720722038129533837392e-02 -2.0559080253887376810162380e-02 -2.9077680635650011639614654e-03 2.2153837358023459325195859e-01 2.7345002912092224861551060e-02 -9.9592966092280976742046050e-01 -1.2292994228522310939943907e-01 2.3858573913577179048672861e+00 3.2254009394932559029456343e-01 
-7.3018601179875708417910118e-01 -1.1817667842070250783237384e-01 -1.0821747493721789457055138e+00 -1.5305709869139796919235152e-01 1.6556713795591164739562373e+00 2.0436341552862666293144400e-01 
14 (band)
1.2809433373264681677028420e+01 (Ry)
0.0000000000000000000000000e+00 (Occupations)
-4.7355788554149347291399863e-01 -8.8024942742275986775179835e-15 3.8958356820239992135412876e-01 -1.2669071598108994206798548e-15 6.5785770793236629166475609e-14 -3.5238434839746674009930416e-01 4.2813455428045992083032410e-14 3.5238434839741350490527338e-01 4.1147098134794315104942782e-14 3.5238434839660726094479060e-01 
7.1043638418454846251489062e-14 -1.4603831517126322214750189e+00 7.5903738299949231465231980e-14 1.4603831517126584227384001e+00 1.1587957097629783701469853e-13 1.4603831517109591153769088e+00 7.4620865042618346594997827e-14 1.8441901562105494876916042e-14 -2.9226410410211245416434167e-01 8.3575074359031416700308266e-15 
-2.9226410410214193058564547e-01 1.0451563525695894366969615e-14 1.1150264345589819341288527e-13 1.3807172285640514691419227e-15 2.9226410410215397650546265e-01 -9.8493161501966109351337147e-16 4.7017945092875359292101627e-13 1.2738330295617230253008169e-13 -2.2556495352352268213280695e+00 4.5552385568921397035474925e-14 
-2.2556495352349723582108254e+00 7.4511050227877823433050600e-14 6.2924268486077331296024873e-13 1.3996248434865160870441394e-15 2.2556495352350758309967205e+00 -3.9732386472067023212424967e-14 
15 (band)
1.3104672946035130109976308e+01 (Ry)
0.0000000000000000000000000e+00 (Occupations)
3.3125674280900181157722339e-14 -1.0766431264868519319253795e-13 -4.6801705393205631574728598e-15 1.6721681221486858210615286e-14 -5.7845087020717134151936989e-01 -2.6107287523292710407218919e-01 -1.9699680299897956992083436e+00 -7.0844570725227651308841814e-01 1.3915171597827267202518442e+00 4.4737283201938943255626668e-01 
-1.0302691532728249779182761e+00 -4.6499252393273615702184998e-01 -3.5086770523909636132486867e+00 -1.2618007795353998190535094e+00 2.4784078991190017227097542e+00 7.9680825560297019460875845e-01 6.4198759983775707804731780e-02 -1.4224315163229278580203641e-01 -3.0218650146403468886857624e-02 9.3992677280778091919444250e-02 
4.7853314825857140579756788e-02 -1.3306524320911056191718558e-01 -1.6409445898564928301155419e-01 4.7723848931476248180771904e-01 1.7634664679501119849414081e-02 -3.9072565928464149387355775e-02 4.0603788466771617571282604e-01 -8.9964523320765021896505687e-01 -1.3339472468076693512095687e-02 4.1491354667068339190372228e-02 
2.1123973854633833202587567e-02 -5.8739226921644308032632864e-02 -1.0378481925362270654744634e+00 3.0183901796913357173934855e+00 7.7845013869516184110142198e-03 -1.7247872255670121388604343e-02 
