4 (index of k points)
0 0.5000000000000025535129566 0
15 (number of bands)
18 (number of orbitals)
1 (band)
-1.0530118397412902453424977e+01 (Ry)
1.8750000000000000000000000e-01 (Occupations)
2.2806796781034348597927419e+00 4.9385094950021440716155340e-15 2.1307648200694480067340919e+00 -6.0052711690868576524587290e-15 8.7703555519590035309911963e-16 4.7760086756154224582240800e-16 -1.3683648478102222408565464e-15 -1.2468041750355694458299797e-15 -6.3618663460940144322330972e-15 -7.2456261270797783780039936e-01 
-4.1661341628782234579870308e-15 -6.9258786102505279214506769e-15 1.3798921210744801817449975e-14 8.9029907396336038905063679e-15 -4.7180038575789944037620533e-15 1.3623604626464462796775479e+00 2.2905807512296795513950798e-03 3.5073464663711439217861270e-16 9.6559011826719040934209179e-17 2.6687065885143930620811850e-17 
5.1594192749428017284962039e-16 -4.6431976485049839677043562e-16 3.9674022399976494393514237e-03 3.2611921236097303337866039e-16 -7.3321841528022794681297227e-16 2.5754652568707154841001484e-15 6.0922440812137879095899962e-02 1.5486800443271822538271345e-15 2.9568949990939156452639244e-15 2.3927334720977287603713569e-16 
1.1362246103523931493531802e-15 -1.0938377700727557028741252e-15 1.0552076280783723172262967e-01 1.2974898760009062529945409e-15 -6.0685930151306597403335398e-16 1.0865057910533601558546097e-14 
2 (band)
-2.6142170739995775896602481e+00 (Ry)
1.8750000000000000000000000e-01 (Occupations)
-2.7527085464675119279278217e-14 7.0660626617473472167892331e-16 3.4987457704581474949163557e-14 -9.1228190917133746938908552e-16 -1.7026388287272033470062986e-14 -1.2949823681254353756263347e-13 2.5215726708640461168860373e-14 2.0742485657675446935294933e-14 -1.4128884130148828652911035e-15 -2.9335034470337667682206498e-14 
-1.1706547952245722573133719e-14 -9.5626195423118586975918179e-14 1.7775555235844078539663624e-14 1.5135188803044050874855936e-14 -5.4627192835562451888315746e-16 -1.6984091829858665224239479e-14 9.9454369765896466493160233e-01 3.2611627244215228571544429e-02 5.6452803619571866188596600e-16 -1.0474061882867551545933640e-16 
3.7454183834905342875877673e-13 -4.7023228694684144557317006e-14 -5.7420007156430519223988540e-01 -1.8828331768159175391152971e-02 -5.8758641264947005485061623e-14 7.2038594805188952399776573e-14 4.8347633430638825569047867e-01 1.5853451218798546296095964e-02 -5.1386985753155851065615104e-16 -3.6730708874994298347597048e-17 
1.8576628329698943884447425e-13 -2.3232228237411736683547273e-14 -2.7913519175863144017313289e-01 -9.1529943287568631127282259e-03 -2.9226078624246464733651874e-14 3.6490558816342406654535505e-14 
3 (band)
-2.6120328943010973077321069e+00 (Ry)
1.8750000000000000000000000e-01 (Occupations)
2.6416743179367676325543331e-15 9.3266007414176236691621077e-16 -3.2224237321342380623227175e-15 -8.7580456606784759779883769e-16 -1.2769800199600325751880803e-01 -1.6039090712161216401021591e-01 1.6935062061254715914948576e-01 2.7906139072813879176138130e-01 1.6429124477360670797944747e-16 1.3253497618369300397776480e-15 
-9.3160312550786994467699742e-02 -1.1701096966435442503495779e-01 1.2354740481708881283395840e-01 2.0358538093573652627554793e-01 -4.6534321175861984153186736e-16 1.1837589457487845265054792e-15 -2.2016105434764617184999839e-13 6.1818848347970421218849461e-14 -2.8951322355444644625481773e-15 -6.9911571357897908864866156e-16 
4.6317466100285725749685639e-01 -3.6876453813180432028673295e-01 1.2993803473929652232231226e-13 -3.7483202910173701675865236e-14 -8.0586965538818222665184976e-01 4.8904839869360994253355557e-01 -1.0660235838135376384351222e-13 2.9995256062912591735468039e-14 2.6699748187430704447321686e-16 -2.3985881156219918129920718e-16 
2.2934852626280988197038369e-01 -1.8259980624888594302746014e-01 6.2581828900116945983031307e-14 -1.7934978409082100865837083e-14 -3.9903957056505984235528217e-01 2.4216033163108258152718122e-01 
4 (band)
-2.6120328943010870936802803e+00 (Ry)
1.8750000000000000000000000e-01 (Occupations)
2.1714468647143108532306617e-15 -1.6603466413668782863067915e-15 -1.8316502635189133004045434e-15 1.4552740541375053769631129e-15 -1.9585690275365394419360143e-01 -2.6114165914446124672210203e-01 -1.0125451574504466811799119e-01 -1.7826818516578224471658132e-01 1.2240978780331763925509945e-15 2.0140811164326060921130590e-15 
-1.4288469663236824658270052e-01 -1.9051228841222611620764837e-01 -7.3868832609306600556209332e-02 -1.3005309079483107215224891e-01 4.8647001064979359503581095e-16 1.0591947261173016615065569e-15 -2.1111391266308365890828052e-13 1.5003841445350154882407111e-13 -7.8747270664233145195374163e-16 -2.1316638097534644656877728e-16 
7.5412130038175850810233669e-01 -5.6559287659125900837864265e-01 1.2385698305017022426153732e-13 -8.8110214799150606965865748e-14 5.1480041926036657073950664e-01 -2.9240140134415254502542325e-01 -1.0186473799237721799238786e-13 7.2438844510428004272054360e-14 -8.4930987679857003983039461e-16 2.6456756155270473683472718e-16 
3.7341552426781510209963244e-01 -2.8006258466317102140408224e-01 6.1049222405039070315320964e-14 -4.3568312178489553972744385e-14 2.5491186677008703664881750e-01 -1.4478734724015535073604610e-01 
5 (band)
-2.3716886516202331236513601e+00 (Ry)
1.8750000000000000000000000e-01 (Occupations)
-2.8893923826159373380306761e-01 1.1324584969516648949015331e-15 4.4383961982134501056407316e-01 -2.5497032710346163197158453e-16 1.4449495757850842520215389e-16 -1.0801539847699366864431558e-15 1.4516322747791124066315003e-16 1.3772123240115664801933250e-15 9.4531577793686122641055806e-16 -5.3928273426612394203516487e-01 
-1.8328265499999436701613564e-15 -4.9342895542165286303889472e-16 5.9696809204860547112833611e-17 -5.1384707447862683118748267e-16 1.1921984530395315638216811e-16 -2.1885895460130730394432419e-01 -5.1937933447124295938124305e-01 -2.6215251454876204728943469e-15 -5.6287815314166283753023794e-16 6.6151570379670257075712201e-16 
3.3851757298659475798863893e-15 -2.9424860417970964726149662e-16 -8.9959139570539692343231764e-01 -9.2565272291309437557616493e-16 -1.5567751634568051608063934e-15 4.0151449574750015851631156e-17 -2.1650484650154291910162385e-01 -6.3632504574383463049875284e-16 -4.5954892262572198477299399e-16 -2.4768033899464307394226142e-18 
1.3908233147340988339299297e-15 -6.0743190150059995291329780e-16 -3.7499739422552907930352717e-01 1.6700753482849949566596012e-16 -9.0507617792650238606987659e-16 -1.6588191969233904042603954e-16 
6 (band)
-2.0833273455973344567837557e+00 (Ry)
1.8750000000000000000000000e-01 (Occupations)
8.2628825815409948165349070e-16 1.0799785272087195376280049e-16 -1.0505760339802163628825759e-15 2.2426329199027364921483842e-17 1.3063741137254843865444048e-15 -6.0707289583437343958883505e-16 3.7898035502501757218718797e-16 -4.6002343834236687616656045e-16 3.5898890135996365275940900e-16 3.6058941858536208069496328e-16 
3.8020200240266696875605250e-16 2.4694012042733893243875294e-15 9.7974321633264189053036075e-16 4.5971161439651769453286226e-16 -5.6603972127710725707033556e-17 2.7326291180522879820941688e-16 1.0726644730926711424262199e-15 2.5893569447815658859240640e-16 -9.6346401254209157460905999e-01 1.6702131722254109913450293e-01 
-1.2118125807998513075747171e-15 2.3061603821518957165531768e-15 1.9026948106308993796388585e-16 4.9407749312049322932684948e-16 1.7759662379743860717052114e-15 -2.0436639274502767599980795e-15 5.4470511443180244441255066e-16 -3.7243953760065759424536464e-16 -1.5486691413934208783054203e-01 2.6846956043013951720421773e-02 
-4.8048260539786928869869006e-16 1.3535546566595771980208972e-15 5.4439647719798050944179041e-17 -7.5335505726477603127860753e-17 1.1447116650330380010100694e-15 -1.0205072984951277032026329e-15 
7 (band)
1.1377909690406942111451372e+00 (Ry)
1.8750000000000000000000000e-01 (Occupations)
5.0973797505052353962184952e-01 2.9701020046734892067965819e-15 9.7614514004004249159152096e-01 -7.5760868698835343335138637e-16 -1.0627603787318260428604110e-16 -3.0384759551381235896521505e-16 4.7502589817077582226920411e-16 2.9473338870494588579437821e-15 2.9190934606392684597517325e-15 1.6526779029214810901038391e-01 
-8.7205928822031248640582593e-16 -8.6399727135971234491806195e-16 -6.7421603645886341040623826e-16 -1.9301028944373123371499352e-16 4.1930192762014033836519417e-16 2.8170059635515698470697998e-01 -1.7999335448705853710005265e-03 1.5247269604874067652096498e-17 9.1146444629128950926021335e-17 -6.6126641091476747256957052e-18 
5.0867043912599329183783714e-17 -2.4329800805404558464216015e-17 -3.1175763499636565193040560e-03 -4.3207948117934650564314150e-17 4.9652832558952899012515090e-17 -1.0441563704261694362063690e-16 -5.3019829490797785315203683e-03 -6.9073918592049527212549370e-17 -5.2280598014203612498056309e-16 -4.3950540504431584456487432e-16 
1.1438289302430372338687153e-16 1.5724171083655339428345299e-16 -9.1833038486732708471915743e-03 5.8698491775020345889023324e-17 2.3058963478418780432231203e-16 -1.4579152077449153849676214e-15 
8 (band)
1.7116306280563657882254347e+00 (Ry)
1.8750000000000000000000000e-01 (Occupations)
2.0426432717459267945111685e-14 -5.0622345751341096929084596e-15 -2.7736717981425154104464188e-15 3.2116269865401454430986599e-15 -8.7784859364773359935441022e-01 1.3941017946179170561293859e+00 9.6860259299890241746489039e-02 -2.4664922213289393049251430e+00 -2.5602498715722019175702399e-15 -1.6935976240400353440365225e-14 
6.1460886256364796742523993e-02 -9.7605364351924614463307250e-02 -6.7814853525666046740738580e-03 1.7268672407094046161724066e-01 8.9915300975821933640777850e-16 -2.8575882141132299011801080e-17 -1.7886241637966064959809582e-16 1.0065880444599073775212022e-16 -2.6441163505785460779333133e-16 -3.0438154269499679776436635e-16 
-1.4912018466115197629084932e-02 -9.3899129098508008622880894e-03 -5.4934071333572736665577639e-16 2.8195717558417454113043688e-16 2.6382849296214767875756735e-02 1.0360663625060446968451089e-03 -6.9502517664172441910248677e-17 -1.2364870305068410057700346e-15 5.2435912631168780295812529e-16 1.0225882712386895418009075e-15 
1.4725914502136980277491318e-01 9.2727255540335715155997320e-02 -1.6443536806406072332695564e-15 1.2157700846537508215764488e-15 -2.6053587845377729204088268e-01 -1.0231361171843093155198190e-02 
9 (band)
1.7116306280563740038758169e+00 (Ry)
1.8750000000000000000000000e-01 (Occupations)
9.5194062234199641565466619e-15 4.4442981168688158241033492e-15 -2.8028861163657438249928075e-15 -6.1905051394798004411107130e-15 -2.5441875852402517921291292e-01 2.4552468069460799959813357e+00 6.7095652288229301607458410e-01 1.5046445798021226281093732e+00 -7.6276718237173437419267770e-15 -8.3768131200932046694502388e-15 
1.7812641601617260067591531e-02 -1.7189939794284853080696962e-01 -4.6975734579103471666439162e-02 -1.0534480552187232282879137e-01 -4.6566595752966435484321586e-15 -3.7278241855722573848360965e-16 -1.4051950255197949771920375e-17 3.8518790865931874811790954e-16 5.7363106092637451817153295e-17 2.7049839450101796647847093e-16 
-2.6262562651736376384548066e-02 -2.7213918236701707849267695e-03 -2.2506086838916308461275766e-16 -2.6159452873557163525333271e-16 -1.6094440051344666153809726e-02 7.1768905956570653442705421e-03 4.0867240169717658091467248e-17 3.0118680810463515344652282e-15 9.2264698783578048255055756e-16 -1.4841357599735430518167889e-16 
2.5934802394140926695698113e-01 2.6874284935493951420593106e-02 -8.3099310332522961483250574e-16 1.3571801273497398193254115e-15 1.5893579309495942109009547e-01 -7.0873220512020843053768715e-02 
10 (band)
2.2598523790623894491602641e+00 (Ry)
0.0000000000000000000000000e+00 (Occupations)
-2.4739297631002141741873857e+00 1.3393569624565391773317519e-14 1.6721605383004445322114861e-01 -5.5413798135058534281430910e-15 -1.4320614065602643837933133e-14 1.8520480336760364296999285e-14 9.6220784871237806267195678e-15 -1.2243198741310752409903373e-14 1.1008228735592748146955365e-14 2.6310275138009013851103646e+00 
-9.6478699935715822685282175e-16 2.3525380426993218995175075e-16 -2.2108257114175282771685309e-15 -5.7147303043390775604299953e-16 3.2703726528846368879255481e-16 3.1251325860480938523267014e-01 3.8884844366051954378527000e-02 -8.3079086167184818030433918e-17 -1.1304485413027155558445364e-16 1.5179993759466977520898237e-16 
-1.8199673327435416804949173e-16 -3.3746507689323347259459223e-16 6.7350526086415410387253644e-02 -4.0319481496925332871139202e-16 1.2786491066730005232985547e-16 2.3523859270184249648817407e-16 1.1034815108720663623387281e-01 5.6769028918625833101292257e-17 4.0025288587720895719129258e-16 -1.1763817671892244742697785e-16 
2.3331096861361330738193863e-15 -3.5170256631609175965745120e-16 1.9112860420437838282481380e-01 -7.4380833757530343399587451e-16 -8.3078240872293775436478668e-16 4.1672132234420931288989756e-15 
11 (band)
9.1005992521009755336081071e+00 (Ry)
0.0000000000000000000000000e+00 (Occupations)
3.0505330700270656407724346e+00 2.2859858196712630629816111e-14 -3.2518876607764268804601215e+00 -3.1118323519393722250900988e-14 -1.3359683292829689409599124e-14 1.6432669413507169637092490e-15 -1.6260583559247858949686711e-13 -5.3519023791696075583708464e-15 -2.8801071482945837514677550e-14 1.8628377716807338337901001e+00 
-1.1272919814835419994704997e-13 -3.8155010934321334830243977e-14 -7.4765925030622195798995177e-13 7.6564945984056120986675241e-14 -2.3518181023893690911853487e-14 3.5634470010834236042285283e+00 -5.0314334795560709812090039e-02 7.0994848248527510873176961e-15 9.2386730278897945117692347e-17 -5.4334543030522199700411968e-16 
1.9254535609045516060853505e-15 -1.1911529782227828935585237e-14 -8.7146984215567740994501378e-02 -3.5617094385424668173835077e-15 -3.0148860270599184558137246e-15 -1.0065238550399910377292200e-13 -7.8993181143550372791395375e-01 4.4041429807389457973672272e-14 2.2732499908703679981938792e-15 -8.5575894925097045446671457e-15 
6.7714653448660723365614700e-15 -8.9466106026711956880928340e-14 -1.3682020319250407514033441e+00 -1.9794071073517717741551060e-14 -8.3983286311524709434440727e-15 -8.0092052256135531706401993e-13 
12 (band)
9.4469993245169678885986286e+00 (Ry)
0.0000000000000000000000000e+00 (Occupations)
6.8401642671412735048373831e-13 8.1043585093025563257786994e-15 -7.2539158879687936079401184e-13 -1.9216979392310594334683764e-14 1.4030320493240777679488929e-01 6.9525757710296884339662427e-02 6.3915910746156123778405345e-01 3.1305761325932414396167047e-03 -6.1900926201408170880020898e-15 3.7692093616570886041257993e-13 
6.5200365501966328629634972e-01 3.2309346152830453746673811e-01 2.9702391645635715100581820e+00 1.4548114433696916064642224e-02 -3.3200880943970244492444821e-14 8.6286767219512415456124371e-13 -6.3629126347505442411300657e-15 9.3162533078301316493379545e-15 1.3896431805256259639798706e-15 1.5060264294108358717909714e-15 
-4.4266956376464591804698046e-02 8.9330861780758538670532687e-02 -3.1141830671866344420338120e-14 -7.6655279883266580989019999e-15 -1.9932336109485596087331771e-03 4.0695174363313058041313752e-01 -1.8677570429555791224687591e-13 4.3302970436334116809699796e-14 2.8261598521419009531582620e-14 2.6515615873256555756712593e-14 
-3.5003357375319632538435144e-01 7.0636888901168093379823176e-01 -4.4622292155940970617486047e-13 -6.9181437574061718511228850e-14 -1.5761162304266461420265699e-02 3.2179030326271633732915234e+00 
13 (band)
9.4469993245170211793038106e+00 (Ry)
0.0000000000000000000000000e+00 (Occupations)
-9.1817409799565835818219593e-14 -7.8346324288380461696776940e-15 8.5229325674319660331784187e-14 6.9313068325349840011281744e-16 6.0546578596973577024442648e-01 2.0480563268142307209451758e-01 -1.5528389480518833831723668e-01 2.0142798058643291564395739e-02 1.3282874002812422931194134e-14 -3.5060370731288883996698623e-14 
2.8136627786356083191776634e+00 9.5175317727936659117915497e-01 -7.2162048634197728524952709e-01 9.3605687502882312100993545e-02 -2.5020990584896660242147473e-14 -1.0435057458031939307069047e-13 1.0274517742006881837214853e-14 -2.8616641754555118720814962e-14 1.3259412084923850322525526e-15 -4.4047466874907472924869051e-15 
-1.3039947073053934079034377e-01 3.8549925117887023917617739e-01 -1.3709642265673525536903801e-15 1.2939121259138474039402937e-14 -1.2824892418680507860662132e-02 -9.8869046863911430600424524e-02 8.0137575322438250056255995e-14 -1.9079379572728599993710985e-13 2.1723075488357132069849963e-14 -7.6057399382374589070178268e-14 
-1.0311120639774500329366447e+00 3.0482710268525252672588977e+00 2.3329258706626401035131372e-14 4.8953514542673352321819202e-14 -1.0141069758972272307762097e-01 -7.8179049657335608625174928e-01 
14 (band)
9.8081759224606077651742453e+00 (Ry)
0.0000000000000000000000000e+00 (Occupations)
1.1965012806243650267929209e-12 -7.5891087908618717513865619e-15 -1.2868763776276123140980682e-12 1.7475647535705955112677337e-14 6.5864094416744075339958935e-15 4.7400515912443161090814883e-14 1.1181932753088679309729501e-14 -3.0777529090954386765583599e-14 5.8281485450302576638498516e-15 5.2092903323974462247044799e-13 
3.6142090818945869030119571e-15 1.0929110744921735055223675e-13 3.6462959236158266825837429e-14 -7.0098733192607729667602457e-14 3.1674445482884732011093012e-14 1.7589566656376864010815552e-12 -5.4926090691645657049235751e-01 -2.1503901851693931271403137e-03 8.5458501672170005232952700e-17 3.7351000789084934716714729e-16 
-2.1404119431154709848805030e-14 1.6914947734072627427703334e-15 3.1711593246345959329346442e-01 1.2415283522725498784738951e-03 1.3249577268533486206623717e-14 4.8672787957146045397181695e-15 -3.3120656392484129071362986e+00 -1.2966940398604428694162571e-02 -1.9580692065371929275329432e-15 7.6093321584154550754720772e-15 
-1.7953842694932465797097092e-13 1.4739467445129785894171381e-14 1.9122219883922593197667084e+00 7.4864665297422828063589328e-03 1.0890880091642319859204195e-13 3.5771078679453215359261387e-14 
15 (band)
1.0876946780373792478258110e+01 (Ry)
0.0000000000000000000000000e+00 (Occupations)
-2.9668719680882721046366150e-14 -1.9967006646069147147870985e-15 1.6515105510887456964557309e-14 -9.8468110330612853504532629e-16 -8.2443426107510213147175782e-15 3.8334164089951026468077296e-14 1.2645004746607213481979076e-14 -2.5481190430747358269358299e-14 1.7442104219390137150698676e-15 -1.4777292570337835489471718e-14 
1.0852000190911590300502472e-15 1.8544929300662325947631913e-14 5.3867899253058880415147254e-15 1.8320106171969911214505991e-14 -6.7715768707507921059632902e-15 -7.7912882340446057844769639e-15 -4.1124483236066692039723954e-16 9.0797726062221040500874359e-16 -2.1445442320228483290556198e-01 -5.1375706830995557239383231e-02 
-1.0456123469581423460503864e-14 -1.7638009790464454544437802e-15 -8.3340113625652435889313747e-16 -1.2610151651615752902076545e-15 5.0861780790310797163801169e-15 3.9064919359234616253977957e-15 -9.5811417652811900607744812e-15 9.4440012522239852578232553e-16 -3.6451273379422293174911829e+00 -8.7324379082227421289275071e-01 
-8.9217195345214144104966558e-14 -1.6917940682869431469043586e-14 -2.0129039838481670962771629e-14 -1.5293091001486096400456254e-14 5.4213827483134720719320169e-14 3.6063834762870119397564402e-14 
