5 (index of k points)
0.7500000000000011102230246 0.2500000000000012767564783 0.2500000000000012767564783
15 (number of bands)
18 (number of orbitals)
1 (band)
-8.7989556269846325164962764e+00 (Ry)
7.5000000000000000000000000e-01 (Occupations)
4.3928399179224237869334502e+00 -4.5219014295415425536884115e-16 6.7008155640005884201571007e-01 9.3337346345253552758411729e-16 2.7600636457289384993329200e-15 -2.8966966776818203754828573e-01 8.1949233480826400815459243e-16 4.6375627795703627809231762e-01 2.3492095939984754477072900e-15 2.8966966776817593132165030e-01 
-8.1519124984763576725473458e-15 -2.2256935547710687828271148e-02 -1.6793712518431869982951613e-15 1.7034734244781060130691230e+00 -9.2959724302093579854917945e-16 2.2256935547733169844519807e-02 4.0748387991206100333663187e-02 -7.2316016978981202490861199e-16 2.6352627129040184783548284e-02 2.3112164693889131977392232e-16 
1.3672952744680708092595012e-01 -2.5463487351724315652670450e-16 -7.0578278327300320027504199e-02 -4.9063672001215853567167444e-16 -2.6352627129043994236301529e-02 3.1403003762365788132878679e-16 2.1426833755507951329022376e-01 -1.1756614318962492464686736e-15 5.2672089158695523103403957e-01 2.4758037856976991797005753e-15 
8.6526733263271282670103801e-01 -4.4580519401104631858868464e-16 -3.7112364709871192847145949e-01 -1.0503366770736457576097434e-15 -5.2672089158697654731611237e-01 1.8775062377923355813047604e-15 
2 (band)
-2.7258451795557276930992430e+00 (Ry)
7.5000000000000000000000000e-01 (Occupations)
8.1915401094136586213068085e-02 5.4178107680924903841609486e-16 -1.0132651488122196292707144e-01 -6.7115581806912962399185732e-16 -4.1281828728028175063943267e-15 -1.8138660045589413694067105e-01 1.9098312594785916203483090e-15 2.6616176693484872028960808e-01 3.8212904968378030641579538e-16 1.8138660045590215830202396e-01 
4.9573181686428296893023316e-16 -8.0271183883131591585424758e-02 9.7846532351692686046806092e-16 1.3470800978956110061091067e-01 1.9532792683182986239550522e-15 8.0271183883174335171872826e-02 4.4855010379200455084003352e-01 2.2650902467385183335619832e-15 -4.3088107652455054363827003e-01 -5.6023072589033877058077706e-15 
-3.5588685636936762124449274e-01 4.5479824574144418704387443e-15 -7.7691156950827855443009184e-01 9.0162153633062427169341740e-15 4.3088107652460672092331606e-01 -1.0036616602547338359441274e-14 2.9749450925273135393211987e-01 1.1674068149339407414980549e-15 -2.7168563564673742227739694e-01 -3.3989806976259914756337221e-15 
-1.8751693999013160918387655e-01 2.5745105610590855993777334e-15 -5.1527560499864089038624115e-01 6.0399623336631316322695171e-15 2.7168563564677428168181450e-01 -5.9428529279678763478414015e-15 
3 (band)
-2.6820983697914093646375022e+00 (Ry)
7.5000000000000000000000000e-01 (Occupations)
-1.1334396245903287174297881e-14 -1.4530277122239924430919642e-16 6.6273817823764660564338983e-15 7.3406816397112209963777638e-16 -3.5295263511352335805693059e-03 -4.0081816117790936004894320e-02 6.4495557505750287193700226e-16 -2.2768186685520605109640169e-14 -3.5295263511341476436733444e-03 -4.0081816117823493295091453e-02 
1.1851524995306589316257373e-02 1.3458764670305689570284358e-01 2.6499343714838025473191977e-16 -2.4238820461526988992928850e-14 1.1851524995309212218153050e-02 1.3458764670304046440207912e-01 -7.1240517305368589173752980e-01 6.2733006498446958199011192e-02 5.2561164979067309666049823e-01 -4.6284334096839546690560496e-02 
2.7060234604061032947055579e-14 -2.6546670068414386526188951e-16 -4.1130731843454571006191145e-01 3.6218918188955333270495629e-02 5.2561164979053531798314225e-01 -4.6284334096842030814578095e-02 -4.3856702727854435241994224e-01 3.8619354845975804868540848e-02 3.1366681178353827963434242e-01 -2.7620886099959763432254434e-02 
9.3487374488435387852935368e-15 4.0662401019756750836422893e-16 -2.5320679125690076505250659e-01 2.2296894916255371316138323e-02 3.1366681178346589309313686e-01 -2.7620886099962271842400696e-02 
4 (band)
-2.6020016991993362154289571e+00 (Ry)
7.5000000000000000000000000e-01 (Occupations)
1.3367286975678500127642601e-14 1.5930963088054425903436852e-15 -6.3448879786450824967622828e-15 -1.4303171825730643487021572e-15 8.1749060659338679268870465e-02 -1.9344084196067942715835386e-01 -4.3228332626322350588556533e-15 7.2920852687313237129020598e-15 8.1749060659330935463273704e-02 -1.9344084196067162784160587e-01 
4.0778532726443550426864704e-02 -9.6493264153792779325158335e-02 -4.0675197915636157095617996e-16 1.2892233486304518979807973e-14 4.0778532726441163447361760e-02 -9.6493264153784008563263797e-02 5.9493157528302320624646882e-01 2.5142103881994354308559991e-01 5.2840052439435902797981726e-01 2.2330468624577473613079803e-01 
-3.2595100990572520226943478e-15 -7.5346179199662262311237603e-15 3.4348390513903548360019613e-01 1.4515800444261270363277561e-01 5.2840052439443685461384348e-01 2.2330468624578039826822362e-01 3.6249875107917201022544873e-01 1.5319377278622389737527953e-01 2.8484365397497601879450713e-01 1.2037634302669633634685908e-01 
2.1613128602725162276205099e-15 -4.5676297885607710729583232e-15 2.0928875151644207863732561e-01 8.8446465956288730647649743e-02 2.8484365397501454353346162e-01 1.2037634302670137398383332e-01 
5 (band)
-2.5785196421563156832235109e+00 (Ry)
7.5000000000000000000000000e-01 (Occupations)
-1.3565074961767953354296878e-01 -3.7837803052236900574525695e-16 1.2985559682053157692926959e-02 4.9872377361066177986005084e-16 3.7756517887493803513316461e-15 -7.5122447232749550716235376e-02 4.4644904556182679717317208e-16 1.1012755120766204441906666e-01 2.8472041929975864730338604e-15 7.5122447232740766076553030e-02 
2.3300353854780137511915450e-15 4.1664785259587042154372227e-02 -3.7317975354767889763719280e-16 -2.2172093214727014998111088e-01 8.4809106329813647720339002e-16 -4.1664785259604486533646650e-02 2.2661115906327938818165535e-01 7.2205450604915828717818849e-15 6.3696451639203599537353284e-01 1.1243520019537844383321932e-14 
-3.8620828336157542182149882e-01 1.8098438474678116524300393e-15 -3.9250204105956765232576799e-01 6.8990090788439687458161731e-15 -6.3696451639204410000161261e-01 1.2797359183702886562563179e-14 9.5848402348369138303851855e-02 4.6165671390171303077462930e-15 2.5386192972921989285950417e-01 6.2117785874600994081128862e-15 
-2.8188364244277402947957967e-01 3.2816184483270942802360267e-16 -1.6601430269161443487035967e-01 3.8282494166374550896443629e-15 -2.5386192972922649868650069e-01 6.4561039187289441322616602e-15 
6 (band)
-2.2448654884711598533897359e+00 (Ry)
7.5000000000000000000000000e-01 (Occupations)
5.6149010132977794640396496e-02 3.1486183372170554893875383e-16 4.4033960371760688667919226e-01 9.2235456316171206409861623e-17 7.2299252408484244313182641e-16 -8.6491624216649493073205690e-02 4.8037499075468216823001113e-16 -3.9654817314923651583313813e-02 1.1739681605682227810544396e-15 8.6491624216649951040203348e-02 
-1.2819496827746532768189061e-15 9.7770452297573529065743969e-02 7.6503189389366614801488614e-17 3.0470948983932855114176164e-01 -2.7281027406545447099373420e-16 -9.7770452297573529065743969e-02 -2.3418467908934509358331866e-01 -8.6277143541372693048626615e-16 -9.5229105744371697617189909e-02 5.7465221801566937546791740e-16 
-8.9601791224456539541876054e-01 9.1289181090161259606289257e-16 4.0561976253694637106761434e-01 9.1492553853451108051873258e-16 9.5229105744376318920529911e-02 -3.8571679789644868561878856e-17 -4.3986394993088304139483569e-02 -8.8966149783985199771399948e-16 1.1293333909775948864506745e-01 7.1309527052957766374812179e-16 
-1.2672614128511378028818513e-01 1.8438470879172863722647223e-16 7.6186670969813297116246531e-02 1.7971324939788418642242045e-16 -1.1293333909775825352195255e-01 1.5532973113224458251078333e-17 
7 (band)
1.1683070918228060097732168e+00 (Ry)
7.5000000000000000000000000e-01 (Occupations)
6.6234163211743801724651348e-01 1.1753152260342642991627483e-15 -1.3585873201005882471292807e-01 -5.4601679780559734916678311e-16 9.2510671025862721888593709e-16 -2.8073034095698451428901876e-01 7.2101590702475052752717396e-16 4.7219594981254114918201026e-01 7.3604643323237723239320948e-16 2.8073034095698429224441384e-01 
-6.5194758527946375192379281e-16 1.6179941794488078565805722e-01 4.1039262593227874589797506e-16 2.6266781207212763771252639e-01 1.2208998342558539585279748e-16 -1.6179941794488367223792125e-01 -2.4105151150427793493857820e-02 -9.9939598086970286581956974e-17 -1.5738297074000259095916121e-02 2.6654790881948365172542925e-16 
2.8181758601374076733669938e-02 9.2324731719981806687272394e-17 4.1751346516668806641003897e-02 -7.0953394847445065726161726e-17 1.5738297074000200115317938e-02 3.1722906667798073161857589e-17 -8.3543904990577996794165472e-02 -3.0016605523390694633390231e-16 1.4338227429732541828855119e-01 3.3332938586660067944779270e-16 
7.1993479505627858139327202e-02 -6.1609003339126975557068060e-16 1.4470228810638446903524823e-01 -2.4279854753714209701106063e-17 -1.4338227429732366968728741e-01 -1.5175946757166788706971771e-16 
8 (band)
1.5637263186865177910789271e+00 (Ry)
7.5000000000000000000000000e-01 (Occupations)
-2.5655771381034896723726679e-13 -1.1308712196659631118904456e-15 -1.8585751514882200706876162e-13 -1.0001867063495686324172285e-15 -5.4480761842616121093385573e-01 -1.8049126130194017569863263e+00 -2.1063871536027948242306594e-15 -5.2568358249845917998992298e-13 -5.4480761842616065582234341e-01 -1.8049126130188508643215073e+00 
3.5149051370225725676732509e-02 1.1644654738328186205365000e-01 9.6010730985954689194179046e-16 -1.6482300288955207112877014e-13 3.5149051370227418766845062e-02 1.1644654738307713692790912e-01 7.8423222230700911396239494e-04 -2.3671821353181643444660298e-04 1.0835951479119174806209358e-02 -3.2708004122332895273472797e-03 
1.9344568986726352354464044e-14 -1.3043074767944630189923979e-16 4.5277668467906090040211997e-04 -1.3666932430408745228339606e-04 1.0835951479070978983876294e-02 -3.2708004122329182965234207e-03 -5.6570330074874208836632761e-01 1.7075589465862883731261945e-01 -6.1825740060786190874231316e-03 1.8661919672191603497557466e-03 
-1.0032522909304281874601345e-13 -1.5551655911726106155737302e-16 -3.2660895296866282455638952e-01 9.8585961746873534972124276e-02 -6.1825740059009218207997094e-03 1.8661919672181375134262238e-03 
9 (band)
1.5683838628335402543001464e+00 (Ry)
7.5000000000000000000000000e-01 (Occupations)
-6.0013352360039406985237065e-01 2.9168708827118752629435180e-15 -4.7255863382624652135888255e-01 -3.8495077504454493612505802e-16 2.2246139882237442406499874e-13 -6.7695532736421193398257401e-01 6.2022765720438172238039532e-15 -1.3213138111571225419282882e+00 2.1568359782967785409850079e-13 6.7695532736567143317074624e-01 
-1.3626085985099413474720988e-14 2.7004039745821722950935850e-01 1.8803594156847120933477944e-15 -4.2559346391313906954323443e-01 -1.4063696712779665718937967e-14 -2.7004039745831165397760287e-01 -2.5468004844308955031406683e-02 -2.2500341713852192770765232e-17 5.9970284881570079527079997e-02 1.7250336012856514749544340e-15 
4.8020891125961244483288937e-02 1.7830121500573835796165390e-16 4.4111878357752022650206669e-02 2.4706008520165971768616739e-16 -5.9970284881579093150261173e-02 1.1079053841740659194694326e-15 -8.7484969334474985136473890e-02 -6.7747868574461114523649839e-14 -2.2136003625027864116781018e-01 -9.4413493650816766742240568e-16 
-2.4514068933354921098199952e-01 -1.0201466340318367650171408e-15 1.5152841178643980390994273e-01 -3.8588993976175517923044076e-14 2.2136003625028141672537174e-01 -2.0379964948099743274977668e-16 
10 (band)
2.0024441000104995502795191e+00 (Ry)
1.5822631484973948001737654e-01 (Occupations)
2.3354544058802018113851773e+00 2.7304184981383357688107120e-15 6.9769134035009383598691102e-01 -1.0943121180456265316703649e-15 -2.3274422642203397726620096e-15 -4.5160690705967376779028655e-01 3.4578685652445009112921050e-15 -1.1994748965298260845457889e+00 -5.7419373310636748639568033e-15 4.5160690705965700342261471e-01 
6.8939688196941046865313526e-16 7.3618481926177314900172632e-02 1.4950278311402248323614979e-15 2.2289674249433827357691484e-01 1.2366480968017776704439640e-15 -7.3618481926176398966177317e-02 -3.3861029815753042326864630e-02 6.3143819336844466077274000e-17 -2.3703147542396708208345402e-02 2.5342340154632229988281011e-16 
-5.6270653128155677380473065e-02 9.3206281178589322034697200e-17 5.8649024037488506344573125e-02 2.7790220179961865817651725e-16 2.3703147542397131480873540e-02 -3.4663596490675100551532102e-16 3.4590276793692524559542534e-02 2.1384091034311198765407548e-15 -3.7031243755146936447175676e-02 -1.0491423636415125873495907e-15 
-4.4296419895478597594795644e-02 -2.9285230677799702323110865e-16 -5.9912116854546178246199162e-02 1.0853246425910525001067493e-15 3.7031243755149295671103005e-02 -4.2754507052158325956852250e-16 
11 (band)
5.9180372526960685064523204e+00 (Ry)
0.0000000000000000000000000e+00 (Occupations)
-1.3246853869626125099756564e+00 5.4322515373828427035364224e-16 1.5541422377188165437900125e+00 -2.3148941363745128955305328e-16 9.4882504370509052585160606e-16 1.1016619966377156902836987e+00 5.9615279145244746873169862e-16 2.8116445369845505242167860e-02 -3.5821785170412032629506414e-15 -1.1016619966377347861197222e+00 
-2.9055475101851556183779708e-15 -7.7003496272635585384591650e-01 -1.2607492081710279337079822e-15 -1.0475844994995977543794652e+00 -6.6631959147351382031647534e-15 7.7003496272642935061014668e-01 -1.1824618194005399873791617e-01 -8.3793024846168716040335194e-16 5.8665724882608780155202055e-02 -3.3311963615757162684493495e-16 
1.1942837999437201645935858e-01 1.1811490635842993180768927e-16 2.0480839492120217482096223e-01 -7.8713242182115402183307253e-16 -5.8665724882609696089197371e-02 3.0402975123603921051921342e-17 -5.8202839106568116100959287e-01 -7.8978586149677714468011329e-15 8.9521249710111827635472537e-01 -2.0471855779688725432603288e-15 
1.5151558047723800992656606e+00 -4.1725176208201658056768683e-18 1.0081027447733785784578231e+00 -6.4571201628590033640487331e-15 -8.9521249710115136100085920e-01 2.2894837801104878482516978e-15 
12 (band)
7.8719918291349761929609485e+00 (Ry)
0.0000000000000000000000000e+00 (Occupations)
-3.1425244160298387689326484e-14 2.1040384109724602131988743e-14 -2.5488254724029027303848030e-14 -2.9876060595662896835431324e-14 1.5762962519660195237491962e-01 -4.0493288911847308275682167e-01 1.2614902134299965965345052e-14 -3.1226237806076247220271494e-14 1.5762962519665255078926691e-01 -4.0493288911858332790316695e-01 
6.8386323421054573401534071e-01 -1.7567682143848126763430173e+00 -1.3812176101599309237864852e-15 2.8649177166002738800447205e-14 6.8386323421059569405144885e-01 -1.7567682143849023823634070e+00 2.9258534217710147062874171e-01 1.1389570732522677487530416e-01 8.6288601263356565218565208e-02 3.3589862027489585105666237e-02 
2.7691666818169925889391732e-15 4.4759267008651571086847053e-16 1.6892422606689228015142135e-01 6.5757717283764172133686543e-02 8.6288601263354094972335417e-02 3.3589862027487892015553683e-02 2.3415800553306445053181051e+00 9.1151496064726478252282504e-01 7.2178252967106892867832357e-01 2.8097077980796575369382140e-01 
3.6527016310811648674266506e-14 5.2509989222718031756621839e-15 1.3519118752742760314333736e+00 5.2626340790009396020110444e-01 7.2178252967111289351009873e-01 2.8097077980797263707657407e-01 
13 (band)
9.7036305085646130663690201e+00 (Ry)
0.0000000000000000000000000e+00 (Occupations)
5.0432793140327927261523655e+00 -3.1085827713804580020589862e-14 -2.7529802997560350874550750e+00 9.9729335258584560684363014e-15 -5.5421726685560045085483939e-15 1.1050502436229796554556515e+00 1.7874742701409541534039219e-14 6.1050060241991621623469655e-01 -6.8874102657516909447960203e-17 -1.1050502436229625580210723e+00 
3.7735956163293943386249803e-15 -1.0816768704995829430970389e+00 -7.9204134259170711426291237e-15 -8.1712156073791708532638722e-01 4.5489559832859477986282664e-14 1.0816768704995118888234629e+00 -4.1184106091242518588035892e-02 2.5522965270533192594146264e-15 1.0170713156715610603342270e-01 -1.1808055771812924632670425e-15 
-5.0700579805070478123241173e-02 1.6384983867246159894883710e-15 7.1332964214347552300843347e-02 8.6157864122952604003803769e-16 -1.0170713156716164327075802e-01 8.3010712787895025808060984e-16 -7.5313229712681728500456302e-01 9.8672035551446258441901893e-15 1.2589227221987493443577932e+00 -3.0124476268158987035478416e-14 
-1.2172752541489026967269638e+00 2.3201655153300349584206690e-14 1.3044634034447739612261330e+00 -1.9435513308138097698137351e-15 -1.2589227221988621430170951e+00 1.2233373461790081980421101e-14 
14 (band)
1.2099088443111561730347603e+01 (Ry)
0.0000000000000000000000000e+00 (Occupations)
3.6376333974768879642169850e+00 5.4814967261313482460300215e-15 -2.7556322337944503253481798e+00 1.9721956381537084192361606e-14 2.8202213091805683510246989e-14 6.0870018239351875166676109e-01 -2.0721222765761202440081249e-14 -5.5146595502213657802315083e-01 -1.6954662097764800187723890e-14 -6.0870018239350975886026163e-01 
-6.0287752572797648115915430e-15 -2.2203055750096041265351232e+00 4.2089277050275239477965582e-14 -9.9656405446759666055811522e-01 -2.8349799753403628862503047e-14 2.2203055750095739284688534e+00 1.5166104276907427239606818e-01 1.1253431025651294348956388e-15 -1.3022731502486870058810098e-01 -2.5831005253017357567649676e-15 
2.7032127381772275143134721e-01 -1.5450562555335328485000871e-15 -2.6268463160490029828508796e-01 3.7841991596009614089717982e-16 1.3022731502484419241483238e-01 -3.5552622597302921028065138e-15 2.4124634467144623339862619e-01 6.4360638702394658235484537e-14 -1.9860534425956628545861804e+00 -2.9103975381101802908148626e-14 
1.7410097353999640645838554e+00 -1.9281604932141827445544845e-14 -4.1785092611095431269774281e-01 -6.7991927051658353794328271e-15 1.9860534425952154347072565e+00 -8.4653544497395850406085724e-14 
15 (band)
1.3014815588325324924312554e+01 (Ry)
0.0000000000000000000000000e+00 (Occupations)
-1.4594259524514840986597619e-01 -5.6376459501114905313465255e-14 -1.2482368168409838649068888e+00 3.4813404165024262050878750e-13 5.1956489691348607142909787e-13 2.0771218887897453519997271e+00 -3.3494530187672146427299705e-13 -1.4034922551198707463271376e+00 -4.8130165413740699490604616e-13 -2.0771218887893105886632839e+00 
3.1139883517881649582335084e-13 1.5266163767919604943301692e+00 6.4743288343181987568583247e-13 3.2946162613727327794777011e+00 -4.1961224502714227757772319e-13 -1.5266163767928726535672013e+00 -9.2911833575625588088620077e-02 2.4167820055075744762279166e-14 4.5522362992139214776798894e-02 -2.2996498108145205784825844e-14 
3.5278246532017693004590342e-02 -1.3937765434432204060565349e-14 1.6092801637720047236435050e-01 -2.9807698701749847130830511e-14 -4.5522362991845893853692928e-02 -6.2233891333183628223910150e-15 -1.8287151111186525920260237e+00 5.8323845998489430711253455e-13 -1.0692242823255020400807780e+00 -6.7974940226937343835305971e-15 
8.1498493875290922705545427e-01 -2.2934665812098936211743014e-13 3.1674274850215229371031000e+00 -5.5643782960936334915798603e-13 1.0692242823310045274354252e+00 -5.2782104910861794083052391e-13 
