6 (index of k points)
0.5000000000000011102230246 0.5000000000000012212453271 0
15 (number of bands)
18 (number of orbitals)
1 (band)
-8.4833670368805904615783220e+00 (Ry)
3.7500000000000000000000000e-01 (Occupations)
-4.0552584396620519058274112e+00 -6.6242084498096611717065703e-15 -5.4210208661010861330709076e-01 4.6718064241573982735511693e-15 1.1443588988706623129538395e-15 -7.4576233989970714919861111e-15 1.7431348781219983803409138e-15 -5.8277306762764591319125884e-01 -3.7969081440310752243164083e-15 -5.8277306762764902181572779e-01 
5.0416923501210227584804298e-15 -1.9818716559946166696951578e-14 4.7744159602818094377808642e-15 -1.5389068230306990336941908e+00 -6.3177756890974538533621697e-15 -1.5389068230306417461861201e+00 3.8452175595047766165635039e-02 4.9109684292610421314994429e-16 -2.4267120484336503777785056e-15 2.3863346164464883136706228e-16 
-3.0767440213416134173333281e-15 -7.2689615266169926959981258e-16 1.5197505190547288808223932e-15 8.3333460031817495130195067e-16 2.7392686833136711821445886e-02 1.0760528443321159756949242e-16 2.0440654580296815923112774e-01 -1.7272954267658522376285997e-15 -1.4417955874068714644284017e-14 6.9824513596218857981952247e-17 
-1.5596218631767596178363305e-14 -3.8021286166276665363575575e-15 -9.6987554757841970354440725e-15 7.4577150707886977317416581e-16 8.1034548164053765706427157e-01 -8.8289196471600689520173567e-16 
2 (band)
-2.7015090306580855639140282e+00 (Ry)
3.7500000000000000000000000e-01 (Occupations)
-1.4418574120098769691059984e-14 4.9676664323804879383187594e-16 2.1062385346556690304301860e-14 -4.2779607440671771699198163e-16 -1.3784198675540343392853515e-03 -4.5899437140703158721777299e-03 3.2160571039831367665338604e-15 2.7289205669901659749648605e-15 -9.6121553540568107146009183e-16 -1.5276214781019863551827882e-15 
2.5275836837280598462518455e-02 8.4164971167335025925559933e-02 2.5475991099401810561086933e-15 2.8869317330432594741845243e-14 -3.9236803236984945126503327e-16 2.4997374439978240212701181e-14 -1.7563840505671710480322411e-14 -9.2075665591572177656544235e-16 -7.6966574954863964386220232e-01 2.3114064717203766652353636e-01 
-7.6966574954860744739448819e-01 2.3114064717203433585446248e-01 -5.0890477208653359880701692e-15 5.0766721150804371185405422e-15 6.4013037352861293795759147e-14 7.5670196742124623130701091e-16 -1.4273533614275091232529627e-14 -4.4041556386894067612034310e-16 -4.5750795402234828435084069e-01 1.3739559625862932112916326e-01 
-4.5750795402233263020619347e-01 1.3739559625862926561801203e-01 -3.2872485515129304798319816e-15 2.3396422462442559885375916e-15 2.9528035585893988541367835e-14 4.4660708182873735713140365e-16 
3 (band)
-2.6820939381204329521324325e+00 (Ry)
3.7500000000000000000000000e-01 (Occupations)
2.8642412652579629650517745e-01 -6.1574188786292642267245735e-15 -3.4446832645820146812098983e-01 7.1061973591207299786001150e-15 9.2862066986017673978961099e-16 1.7535275655969329823185040e-15 -6.6421765745463813260182712e-16 2.6071884873789724634818299e-02 -2.4993302466149705239538858e-15 2.6071884873793443881950793e-02 
8.8539883334996130178036367e-16 4.6800055835860773675781957e-15 -2.0689597437159975753341855e-15 -3.7593892129756023567921375e-01 -3.0480445965580315317109464e-15 -3.7593892129756356634828762e-01 2.9287563479209027805794108e-01 9.2866410485702254797734495e-15 -4.1680722647036659483549126e-14 1.4484850693254796862407789e-14 
-4.8851010885253475226651307e-14 1.4196014634439483621388604e-14 3.1819834077022093716420634e-15 2.0140667275232459608372733e-15 -1.0860624523299939880871534e+00 7.7260634012261810738799521e-15 2.1235470999654915136289901e-01 4.6231378334565392224272595e-15 -2.5566806852725830740600425e-14 8.2527053412691841105376263e-15 
-2.9415507725701706982224795e-14 7.9231372346788406292341155e-15 2.8714488323713521309101097e-15 9.2779427600730088217903787e-16 -5.1627736288884207294103135e-01 3.6883598280907845142268359e-15 
4 (band)
-2.6014371423838595909217020e+00 (Ry)
3.7500000000000000000000000e-01 (Occupations)
-4.0594970449833112091653220e-01 1.8075727612989525272397590e-14 5.2999765119238162469628151e-01 -2.4936769906210894334010088e-14 -8.4283975347826497893506831e-16 -2.4336920260284741911313909e-15 4.5608338391627058927451969e-15 1.4459671922675737532060225e-01 7.1346556683090859633851444e-15 1.4459671922673944521875455e-01 
1.2284231681921901157454684e-15 -2.6923015306160006811173775e-15 7.5148978480923350344495743e-15 8.6481482489158600923673248e-02 6.5662873292018890479765222e-15 8.6481482489153577164486819e-02 1.1019664279644871829333397e+00 -4.1798043965226040552565173e-14 -1.3149646390035629750428773e-14 -3.2810459502582086471535510e-15 
1.3339044237767660834204819e-14 4.1848710873286648358767954e-15 -2.1157168021127616872640502e-14 -4.2782632746391486213817763e-15 3.4058321400222257846479579e-01 -2.3847545878874132096730271e-14 5.2809022387565296430267381e-01 -1.9486086298767999783630498e-14 -5.3860140606051764062552035e-15 -1.6016490954807115900317494e-15 
7.1599098358514341912458123e-15 2.5682581133001830219718644e-15 -1.2347453001736489685253184e-14 -1.6364219795182234292465965e-15 1.3144016481789211336916878e-01 -9.2648898687950983735676263e-15 
5 (band)
-2.5661505164336388951085155e+00 (Ry)
3.7500000000000000000000000e-01 (Occupations)
-8.5504887809579367240607899e-15 -3.3622982300243120520024419e-16 1.1527349462417688226826120e-14 -4.6061060691099828048964726e-16 5.9155228292737239781488476e-16 -6.0881410695973971119946518e-16 -1.0967072963042041317595116e-14 -6.5813413049816640428510058e-15 1.1263943544649408051644524e-14 1.1476300932086258395549922e-14 
-9.4125241735592640758386563e-16 4.1427861149592280431642624e-15 -7.7928901929805652561727322e-15 -2.5966257068389299614714000e-15 7.7989755459603777877421735e-15 1.0025117663169884032556534e-14 1.8325709051912511532025695e-14 -1.7950100191126375340786625e-15 7.5648496103924722788747204e-01 1.4676256943245047370538714e-01 
-7.5648496103927986844439602e-01 -1.4676256943245064023884083e-01 2.6856503935415740094728162e-14 -3.3967313249463443969989776e-14 1.1013819485417359145059742e-14 2.7403391446517249407038100e-16 7.9110977582810223049203084e-15 -7.4167220709619499731842237e-16 3.7363003639149111601014397e-01 7.2486443197263161763999051e-02 
-3.7363003639151032286846998e-01 -7.2486443197263702997723556e-02 1.5089418806451092262229489e-14 -1.9119301851416834561050440e-14 4.6180981460242106334977948e-15 3.2323504312994996181415484e-16 
6 (band)
-2.5491948814695102321081777e+00 (Ry)
3.7500000000000000000000000e-01 (Occupations)
-9.3784147055384267753015577e-16 6.8494491098683519962619191e-15 2.2286228145636792574154371e-15 -1.1623316175198173302586353e-14 -8.7714847190194891181692369e-16 5.1509844777273180760767090e-16 -3.0189545334428963263562196e-01 -1.7087288649372711635265887e-01 3.0189545334429557232880370e-01 1.7087288649372728288611256e-01 
1.7556516875002825432537432e-15 6.2502259976318353506410611e-16 -1.7406200877875821486640007e-01 -9.8519131505449775154659164e-02 1.7406200877876543131606013e-01 9.8519131505450052710415321e-02 6.7607418507714648923959923e-15 -2.0355903556111446099157033e-14 -3.5576267992233388008214767e-14 1.7797915097299372153063491e-15 
2.6333030122339348315366895e-14 3.6931071336717565307182357e-15 5.1869392303554873180360119e-01 -9.1642003746156264210043219e-01 1.8496959835976372296219917e-15 -1.0516250728597030120305257e-14 2.6029672639854762339284056e-15 -9.4424743385249955571909655e-15 -1.7838028595333939344016291e-14 1.6149921021398152370272435e-15 
1.3210977557213027390142751e-14 2.3580729366541627677073218e-15 2.9448572446983872774595170e-01 -5.2029261702387485932774780e-01 7.6197714323145385064789745e-16 -3.9436682206017588460972543e-15 
7 (band)
1.2253377030692653715249207e+00 (Ry)
3.7500000000000000000000000e-01 (Occupations)
8.9557938025428351913603819e-01 5.8341411224824943587519432e-16 2.0970017188199341351406702e-01 -1.0361738427275843312248220e-15 1.0899393108210979456196934e-15 -3.4178066094148798123881814e-15 6.8255202378606400700709098e-16 7.6662283514744444801181089e-01 -2.9203036019689915791732757e-16 7.6662283514744222756576164e-01 
4.1570723135316536543304246e-16 2.2514103190148752111723320e-15 3.4268793226362495968473498e-17 2.5315383979731320707173836e-01 -6.3759356696215465587605866e-17 2.5315383979732325459011122e-01 -5.7249039976876608948330727e-02 -1.2144714801050537119304076e-17 2.3091775472108104279289984e-16 2.4463888634946625938223144e-16 
-9.2338721928171858838202603e-17 1.0217409701932807440300400e-16 9.0868853485945557734292898e-17 4.0025778939169636276963042e-17 3.0341186696357866359186062e-02 1.3203441016715197633368428e-16 8.5538254463251819914582086e-02 -4.5385817366016508859866728e-16 1.6043812596660878205192204e-15 1.0217561840541950776008434e-16 
1.0852670254699235785577603e-15 -3.9416486396022471728986558e-16 -4.0641255312546435803322159e-16 -2.9352875595502813054820632e-17 -5.3612582170327927055808459e-01 2.9875541222573607315282256e-16 
8 (band)
1.5112761182557725714303842e+00 (Ry)
3.7500000000000000000000000e-01 (Occupations)
-1.0101484067018107621418689e-14 -7.5960438516887811657142412e-16 -2.4708008277949827861516353e-15 -8.4700849324777171132442700e-16 2.8335583379003725229550170e-03 -1.7849759811466145986713627e+00 -1.0731832475827778014761279e-14 2.4824758373668476356243094e-14 7.3296714472669688890793609e-15 -3.9937239292318621376334695e-14 
-2.6505652446727153738470495e-04 1.6697010380668789175651057e-01 2.1924647656301902738322468e-16 -1.0364915809458533343685998e-14 -1.3772690215974703246311400e-15 3.2268789529987118278923196e-15 3.8476550942110784357160123e-17 -2.8262035164790442949548635e-16 7.1021530041436506386354210e-02 1.1274305690684741315752554e-04 
7.1021530041436284341749285e-02 1.1274305690658809910292132e-04 -5.4901451723159135515672257e-16 -3.4890489108787874634204490e-16 -5.2812201116945624012922788e-16 -4.5935160614246303977890779e-16 -2.8633898490827943823732648e-15 6.0153782209190973671004700e-16 -6.1403718763661956081545412e-02 -9.7475272001870121745849274e-05 
-6.1403718763660734836218325e-02 -9.7475272002378761642543692e-05 1.8965678345815944537205633e-15 3.4289306959425119386141311e-16 2.1977875437998986189582837e-15 -9.9683804975387458284288459e-17 
9 (band)
1.7044823993407305362524085e+00 (Ry)
3.7500000000000000000000000e-01 (Occupations)
4.0726929353972191776459865e-14 1.8115647407888925887284878e-15 1.1665900754120968706177422e-15 -6.2248508911992279313364271e-16 -6.4705822630759926140239139e-15 2.6541775157548913352884893e-14 -1.0226695992691854364409210e+00 1.9329041304299279246947663e+00 1.0226695992691918757344638e+00 -1.9329041304299614534301099e+00 
8.1760612396378840010623215e-16 1.2645919586491521671192049e-15 2.4431362659009148163846703e-01 -4.6176675076072210002209317e-01 -2.4431362659008667992388553e-01 4.6176675076071871384186807e-01 8.5283879635138636540349079e-17 -4.6183649113994043610107858e-17 -1.2587360930785025975094358e-15 -1.8875346180583438005837223e-16 
-1.2130514836903315360657486e-15 2.8921422216933207624006078e-17 -2.5729666472796581394577586e-02 -1.3613167506249405913631989e-02 8.2719665168289099399025009e-16 5.8920624422063061897608468e-16 -4.3408875386484484250547963e-15 -1.8909432043022345149506046e-15 4.8037625949096236676190795e-16 1.2919577251269593325915137e-16 
4.8423768638387499887939148e-16 1.8157700121733406542512716e-16 7.4488922847437299967765512e-02 3.9410933878772536065326904e-02 7.5864257078421527203158209e-16 -1.2235507568309854017089772e-15 
10 (band)
1.9491199549298157123189412e+00 (Ry)
3.7443710272934954685908338e-01 (Occupations)
-1.8564597013420292004326484e+00 -3.3469621674469051864066363e-16 -8.0244063022539258156484721e-01 -6.9888940322181414956952435e-16 8.6696313575049772974347888e-16 1.1114590051729140320379012e-14 -1.3798585683346033242905385e-14 7.5847312159850732715682398e-01 1.2468004543011395084174088e-14 7.5847312159844260115448833e-01 
7.1870709356728416346247433e-16 6.4720080070157679774512948e-15 2.2586146725626286336860954e-15 -2.6774666630422877533490578e-01 -1.9911354966370818877880687e-15 -2.6774666630421717350429844e-01 -6.2814450165681517956883795e-02 -2.7485019223609066064789715e-16 2.1638508508671516448447687e-16 1.9721138569849195904115668e-16 
2.6222147014374872958645434e-16 1.9205552204617105900416526e-16 -4.7091784003534862304692804e-16 -3.4664921106942694463941432e-16 -1.0325033334897945613839454e-01 2.3536167849271171999788342e-16 1.1773876363297530733831309e-01 1.7783478071178426408101098e-16 1.3630682833003346833135455e-15 6.9995271756519005331130340e-16 
1.8778546209187897388837951e-15 1.0766523107235621846457682e-15 1.9954140087033886585589817e-15 1.6159510464012770631212301e-15 -2.4385891756790845086300124e-01 -3.6757255539190719089021157e-16 
11 (band)
6.9592407944035787892289591e+00 (Ry)
0.0000000000000000000000000e+00 (Occupations)
4.5895033539222662710699296e+00 -2.1337976778656268794143062e-14 -3.1780669461680548515403189e+00 7.1245515060857746399785621e-15 3.4916117848162018241403133e-14 -3.8982993072486326139486952e-14 1.4499621434516804613251838e-14 -1.1968680201068555568610918e+00 -1.0869442976295141212347957e-14 -1.1968680201067927182378980e+00 
-4.0657071580374703318566220e-14 2.4594890966185044013635078e-14 2.3218755526028315154661929e-14 4.2077124105373997497991923e-01 -3.7147276328894510329757865e-14 4.2077124105384544616725861e-01 -3.8840480123252862920679718e-01 -2.5940931767072935293474502e-16 -5.9101423999216296172664592e-15 -3.3559872425262785661977016e-15 
-5.7192179163497594036734353e-15 -3.9645030214322320741903567e-15 2.7914830234789278688174776e-15 1.5092411352841972377718930e-15 -8.4044967766893297067554158e-02 9.6626346452677872578052847e-16 -1.1722776860935737452962258e+00 -1.3097896640248708034319834e-14 -4.9171487165807048814117261e-14 -2.5394861088528266426626767e-14 
-4.8289059816391507864443456e-14 -3.5826200718049859836944598e-14 -5.9389520549382894048121924e-15 4.8813806029087371760960967e-15 1.0289304933860532464962034e+00 9.5083499847275258448695955e-15 
12 (band)
7.3497668309641168704615666e+00 (Ry)
0.0000000000000000000000000e+00 (Occupations)
-6.6972904758806691710161966e-14 7.4632876608977413207989477e-16 5.2266278266545739490649963e-14 -2.7230494477280830019715933e-15 1.4594471502559704934043339e+00 -1.7211937814022917336842511e+00 7.9027283221915005955388562e-15 1.8695546777645971648878833e-14 -1.4163127603110457932036370e-14 4.1509824923586992741893395e-14 
-1.8037207226243947566501902e+00 2.1272115887327789351957108e+00 1.9812805715735142798439340e-14 -6.2673425954968677886911073e-14 -3.0681101056063857555634555e-14 -5.5931238068138087112284112e-15 7.9338569641928198302448814e-15 -4.0179559723273682931208493e-16 -1.7995317381114975252565102e-01 -1.5258720403011505339918585e-01 
-1.7995317381114528387797691e-01 -1.5258720403011394317616123e-01 1.0479691000054740158831716e-15 1.2568506881360035010246517e-15 -2.9590345721557007195743458e-15 -7.8816963978967736837968584e-16 5.2176510933946172657796458e-14 5.4701881478857030738073146e-15 -1.4797234425909087107697815e+00 -1.2546978642327935027367403e+00 
-1.4797234425908503130386862e+00 -1.2546978642327786257482103e+00 9.2224853956907634310506468e-15 5.6600375572067626646252828e-15 -6.6557306381266725862292646e-14 -4.5756482924145427208118837e-15 
13 (band)
9.0045338784578508040112865e+00 (Ry)
0.0000000000000000000000000e+00 (Occupations)
5.0564237880228927948646435e-13 9.8859133940488244180438955e-14 -2.1955053532788176231197836e-13 -4.9484052071592090448321360e-14 -1.1381031421945070676536818e-14 3.1899318471117152973527723e-14 5.7855396634023004143188018e-01 -1.4242175986557374933738629e+00 -5.7855396634022626667359646e-01 1.4242175986557015221478650e+00 
1.3596449408621560616931903e-14 7.8059034900868230712125704e-15 1.2484497913513681321973081e+00 -3.0732900772046236603785019e+00 -1.2484497913513024069942503e+00 3.0732900772039815073810587e+00 -7.6101792679291086521774380e-15 -1.1871872099356843467843882e-15 5.2153484542027733380953275e-15 8.2642606572606956809554939e-16 
2.4843430933502105096563779e-15 1.5634160925217244254161616e-15 1.6032172170201891558960483e-01 6.5126823365156252809704540e-02 -4.9887519760758254066891294e-14 -5.4363305733608003079899423e-15 2.3428510890509205124424736e-13 4.1778761179638498447993010e-14 4.9458771782651931153019071e-14 7.8645075401067440437097795e-15 
2.0380121209875185744273635e-14 1.1199632753545109764216990e-14 1.8081937014019866527547720e+00 7.3453497474329421113026228e-01 -3.8818607446674763894333306e-13 -3.5264099136329603567256692e-14 
14 (band)
9.7220283748101152809795167e+00 (Ry)
0.0000000000000000000000000e+00 (Occupations)
-3.0761294488621315818095398e-14 1.8872712541322892058801181e-13 1.5012965883847523743245225e-14 -8.0515493528723802206008254e-14 -4.2879604768428825314551430e-14 -5.4287401371784653339103286e-15 8.1611160169235413732398989e-15 1.1943311307276469721586913e-14 -2.1114846668076243708045656e-15 6.5498789524865677078511518e-15 
1.7141302799441889366998773e-15 -7.1912100168871709931811999e-15 1.0814105420482038183203740e-13 3.8714238125869245518545894e-14 6.4814618564315553825974722e-14 3.3480317738300663542989041e-14 2.2397013105323728875810217e-15 -2.6942650454904912293610064e-15 -6.9102981669840191081277680e-02 -2.0248664047325465320525950e-01 
6.9102981669838983713738401e-02 2.0248664047326481174593482e-01 -3.7000649741465615686622289e-16 1.1159380877360643525342256e-15 5.9095529638465798572163548e-15 -1.4377582019184694158462683e-14 -3.3695863381805367557476708e-15 7.8616813515433205099098089e-14 -8.6492526324062479758936206e-01 -2.5344175689958485797603771e+00 
8.6492526324061058673464686e-01 2.5344175689959338448886683e+00 -2.3382413658129965564057367e-15 5.2643151832490321043015054e-15 4.2376364049631130056930732e-14 -1.0844240620908230590829900e-13 
15 (band)
1.0300499248224330273160376e+01 (Ry)
0.0000000000000000000000000e+00 (Occupations)
-4.8026035723931643772743882e+00 8.1757860368455744998232411e-12 2.1016620542802968429896282e+00 -3.5777858724036435210601062e-12 2.2391755320945748840129869e-14 -4.0384548020305345002487942e-14 4.4482743864913185692319096e-13 2.3459549617946917621225111e-01 3.1885285136623956519814362e-13 2.3459549617991898307067800e-01 
-4.7902214725265073990329977e-14 4.7337069953860611793046775e-14 4.0605968663633140231783997e-12 2.3473561688710189443440868e+00 3.8401490307130466873618144e-12 2.3473561688717690110195235e+00 1.1107664730463198687893112e-01 -1.8482059746152394489230178e-13 -1.0314601152450306695156427e-14 3.2812240557103177307600762e-15 
5.0863904226926143197899338e-15 -7.2371788023410102227041773e-15 2.3119611041250051874876981e-14 6.7419473915079647198635632e-15 4.0715069682867249811764054e-01 -6.8506956899030594572805633e-13 -1.7057608922860825195755297e+00 2.9270889798988354251479811e-12 -1.1419956571054719136858247e-13 5.0356732521774735936878649e-14 
7.3045461773849328811349165e-14 -7.8357312656233745662706841e-14 4.4666601552820484966999634e-13 9.3445784013898224512430959e-14 2.9183839283604866565724478e+00 -4.9122715156744030350226852e-12 
