1 (index of k points)
0 0 0
15 (number of bands)
18 (number of orbitals)
1 (band)
-8.4515340111870109751635027e+00 (Ry)
3.1250000000000000000000000e-02 (Occupations)
3.0183482687373602848524001e-01 0.0000000000000000000000000e+00 2.1493156408890561337443614e+00 0.0000000000000000000000000e+00 -1.7182780615396645388010600e-15 0.0000000000000000000000000e+00 -5.2262553648472841144176243e-16 0.0000000000000000000000000e+00 1.2384841603130349966533436e-15 0.0000000000000000000000000e+00 
-2.4626188967523913632666053e-15 0.0000000000000000000000000e+00 -2.2052720398994202994076929e-15 0.0000000000000000000000000e+00 2.8951772561969019125548583e-15 0.0000000000000000000000000e+00 -1.0093673101260309448988536e-15 0.0000000000000000000000000e+00 7.1934572778289530654495759e-16 0.0000000000000000000000000e+00 
6.6362711475149809086453445e-16 0.0000000000000000000000000e+00 4.0956660176593539229652239e-15 0.0000000000000000000000000e+00 5.8004186162216841776349016e-16 0.0000000000000000000000000e+00 -2.3551708295943304654604289e-15 0.0000000000000000000000000e+00 4.3140527474813701215596149e-15 0.0000000000000000000000000e+00 
5.2165843495047784271592311e-15 0.0000000000000000000000000e+00 1.3911614085516162453131439e-14 0.0000000000000000000000000e+00 3.2094037226161043186711190e-15 0.0000000000000000000000000e+00 
2 (band)
-2.8514183631549649966530069e+00 (Ry)
3.1250000000000000000000000e-02 (Occupations)
1.1021003637660489164667108e-16 0.0000000000000000000000000e+00 -7.1873358991863451012234217e-16 0.0000000000000000000000000e+00 2.4625805818606414162266343e-15 0.0000000000000000000000000e+00 -1.1226937928137092390458881e-16 0.0000000000000000000000000e+00 -7.2299333808506098854269697e-17 0.0000000000000000000000000e+00 
2.3082343264661686439121951e-15 0.0000000000000000000000000e+00 1.6427385628141471009388335e-15 0.0000000000000000000000000e+00 2.5571109366030845576678651e-15 0.0000000000000000000000000e+00 -2.6333258023867347347168888e-02 0.0000000000000000000000000e+00 2.6030552146148305899950546e-15 0.0000000000000000000000000e+00 
-1.2862741375636353766749003e-15 0.0000000000000000000000000e+00 1.2632446448188077159358045e+00 0.0000000000000000000000000e+00 -1.9516368485721630156696674e-15 0.0000000000000000000000000e+00 -2.0280429107790702569769081e-02 0.0000000000000000000000000e+00 6.5969552509232747977883239e-15 0.0000000000000000000000000e+00 
-1.4313615673611457535347537e-16 0.0000000000000000000000000e+00 9.7288164805959198577767211e-01 0.0000000000000000000000000e+00 -4.3680754874562689007565931e-16 0.0000000000000000000000000e+00 
3 (band)
-2.8514183631549445685493538e+00 (Ry)
3.1250000000000000000000000e-02 (Occupations)
4.0044973741841216132385678e-17 0.0000000000000000000000000e+00 -2.0469392921970897051141481e-16 0.0000000000000000000000000e+00 2.3709729382499793439440863e-15 0.0000000000000000000000000e+00 -4.4933538418987975014176032e-16 0.0000000000000000000000000e+00 -5.8882233785143481590611598e-16 0.0000000000000000000000000e+00 
1.6101705219260543839707743e-15 0.0000000000000000000000000e+00 -9.6622483707595143624189981e-16 0.0000000000000000000000000e+00 -1.2025885823003640968692943e-15 0.0000000000000000000000000e+00 -1.2632446448188061616235700e+00 0.0000000000000000000000000e+00 5.4756509862661804858528344e-15 0.0000000000000000000000000e+00 
-6.8483742298230022123620266e-15 0.0000000000000000000000000e+00 -2.6333258023864686281356740e-02 0.0000000000000000000000000e+00 -3.8066493941460200563674770e-16 0.0000000000000000000000000e+00 -9.7288164805958399217189481e-01 0.0000000000000000000000000e+00 4.5368105476248561267684082e-15 0.0000000000000000000000000e+00 
-6.1272887374051245340510533e-15 0.0000000000000000000000000e+00 -2.0280429107780568315222425e-02 0.0000000000000000000000000e+00 -1.3296935675050700744466194e-15 0.0000000000000000000000000e+00 
4 (band)
-2.4896807093458552806453099e+00 (Ry)
3.1250000000000000000000000e-02 (Occupations)
1.5709301162900277246277331e-17 0.0000000000000000000000000e+00 1.1521517810974900840710833e-16 0.0000000000000000000000000e+00 8.4016046166750379061267494e-18 0.0000000000000000000000000e+00 -2.2646917874117112781586078e-16 0.0000000000000000000000000e+00 -2.4032182838038143589578400e-16 0.0000000000000000000000000e+00 
-2.5156625838800043435576149e-15 0.0000000000000000000000000e+00 8.8126929843245345796494840e-16 0.0000000000000000000000000e+00 8.5131073781203322888928766e-16 0.0000000000000000000000000e+00 4.8480613871058585474590184e-15 0.0000000000000000000000000e+00 5.8936696400565102837987297e-01 0.0000000000000000000000000e+00 
-1.9184639494522887082084139e-01 0.0000000000000000000000000e+00 -3.6379981832481875147545961e-15 0.0000000000000000000000000e+00 -9.0266271266609288126403499e-01 0.0000000000000000000000000e+00 3.1650665213918581051635868e-15 0.0000000000000000000000000e+00 4.5554417265730218211672309e-01 0.0000000000000000000000000e+00 
-1.4828538516755618292819463e-01 0.0000000000000000000000000e+00 -2.9309031392270178633524168e-15 0.0000000000000000000000000e+00 -6.9770238873811230018162632e-01 0.0000000000000000000000000e+00 
5 (band)
-2.4896807093458512838424213e+00 (Ry)
3.1250000000000000000000000e-02 (Occupations)
-2.1971490905798243098752456e-17 0.0000000000000000000000000e+00 -1.1880832680507616545162582e-16 0.0000000000000000000000000e+00 -4.5705679168157531103958039e-16 0.0000000000000000000000000e+00 -1.3777248986052575693682596e-15 0.0000000000000000000000000e+00 -1.4823180022964933708926439e-15 0.0000000000000000000000000e+00 
1.1530126532946942258540533e-15 0.0000000000000000000000000e+00 3.0947412260164642861361710e-16 0.0000000000000000000000000e+00 -1.0693291947646694900597277e-15 0.0000000000000000000000000e+00 5.0769335407812274900899051e-15 0.0000000000000000000000000e+00 9.1707401363846419162229040e-01 0.0000000000000000000000000e+00 
2.3786041839863160743395731e-03 0.0000000000000000000000000e+00 -2.3425808459798340138555386e-16 0.0000000000000000000000000e+00 5.9827086349211522353641612e-01 0.0000000000000000000000000e+00 4.3734042425255701904178064e-15 0.0000000000000000000000000e+00 7.0884143211738626089157833e-01 0.0000000000000000000000000e+00 
1.8385137634923628176947252e-03 0.0000000000000000000000000e+00 9.1869843318652474620205322e-16 0.0000000000000000000000000e+00 4.6242633567746160849765147e-01 0.0000000000000000000000000e+00 
6 (band)
-2.4896807093458388493445455e+00 (Ry)
3.1250000000000000000000000e-02 (Occupations)
-2.6860266849240260287776582e-17 0.0000000000000000000000000e+00 5.4225870755920341513457036e-17 0.0000000000000000000000000e+00 6.2596070286869464537296172e-16 0.0000000000000000000000000e+00 -1.6911218516687581514461815e-15 0.0000000000000000000000000e+00 -1.2521066656510310846604202e-15 0.0000000000000000000000000e+00 
1.0783912581417361050237619e-15 0.0000000000000000000000000e+00 -4.9898111335586544047755132e-16 0.0000000000000000000000000e+00 -3.9625302148158750137143232e-16 0.0000000000000000000000000e+00 -6.8517655143686948576049915e-15 0.0000000000000000000000000e+00 1.0286041804420095746586128e-01 0.0000000000000000000000000e+00 
1.0780295605135703507215794e+00 0.0000000000000000000000000e+00 8.4227098387867267798503088e-16 0.0000000000000000000000000e+00 -1.6195811622489550418713122e-01 0.0000000000000000000000000e+00 -4.9219622692150924687825528e-15 0.0000000000000000000000000e+00 7.9504734569207050065564601e-02 0.0000000000000000000000000e+00 
8.3325010432644452951223002e-01 0.0000000000000000000000000e+00 6.5057366252486772567490700e-16 0.0000000000000000000000000e+00 -1.2518359624259117746092329e-01 0.0000000000000000000000000e+00 
7 (band)
1.2499654715477308553062130e+00 (Ry)
3.1250000000000000000000000e-02 (Occupations)
5.1162316490748516173425742e-01 0.0000000000000000000000000e+00 8.9743636914483382316376492e-01 0.0000000000000000000000000e+00 2.8280063125523731159495158e-15 0.0000000000000000000000000e+00 3.7215741273723245303431394e-16 0.0000000000000000000000000e+00 2.6670584838828907890444758e-15 0.0000000000000000000000000e+00 
-1.2021229449500299607388663e-15 0.0000000000000000000000000e+00 1.5921070411810207109692281e-15 0.0000000000000000000000000e+00 -3.8415312915602861013092556e-15 0.0000000000000000000000000e+00 2.9288938890518370564052490e-16 0.0000000000000000000000000e+00 1.0139867421339280665880501e-16 0.0000000000000000000000000e+00 
1.1879269944451687401370706e-16 0.0000000000000000000000000e+00 3.4011198123651492262973113e-16 0.0000000000000000000000000e+00 1.1843086121409253202449361e-16 0.0000000000000000000000000e+00 1.7128180957999312279920499e-15 0.0000000000000000000000000e+00 8.7974680741933185925723577e-18 0.0000000000000000000000000e+00 
8.1708392263875189690564507e-16 0.0000000000000000000000000e+00 2.6233346965368823966823759e-15 0.0000000000000000000000000e+00 1.3505305048617527031284186e-15 0.0000000000000000000000000e+00 
8 (band)
1.7414583066762976404362462e+00 (Ry)
3.1250000000000000000000000e-02 (Occupations)
9.4420979038061833809261313e-16 0.0000000000000000000000000e+00 1.7770981424635731285455438e-15 0.0000000000000000000000000e+00 -1.7690475867749415606056118e+00 0.0000000000000000000000000e+00 3.7481495104667815736892988e-04 0.0000000000000000000000000e+00 -3.0129734707718545116961195e+00 0.0000000000000000000000000e+00 
2.7038353019818744948921108e-01 0.0000000000000000000000000e+00 -5.7287203798406944861652118e-05 0.0000000000000000000000000e+00 4.6050677749487384238236132e-01 0.0000000000000000000000000e+00 1.6112905219137595986988150e-16 0.0000000000000000000000000e+00 -3.7300964263397972793855630e-16 0.0000000000000000000000000e+00 
-2.0039687549511968029198226e-16 0.0000000000000000000000000e+00 2.0400411496110443440768497e-16 0.0000000000000000000000000e+00 -3.1317172842616343088198644e-16 0.0000000000000000000000000e+00 1.3489585551887966970594290e-15 0.0000000000000000000000000e+00 2.0555649352735507481989975e-16 0.0000000000000000000000000e+00 
3.0833474029103283409697921e-16 0.0000000000000000000000000e+00 1.3803296843792821793844323e-15 0.0000000000000000000000000e+00 -5.4600943593203361259457413e-16 0.0000000000000000000000000e+00 
9 (band)
1.7414583066763025254175545e+00 (Ry)
3.1250000000000000000000000e-02 (Occupations)
-9.5461286201841624110814284e-17 0.0000000000000000000000000e+00 -1.4420332330646209261284660e-16 0.0000000000000000000000000e+00 -2.3358243361454453790315711e+00 0.0000000000000000000000000e+00 -2.2071028666350809288587698e+00 0.0000000000000000000000000e+00 1.3711893549387841328979221e+00 0.0000000000000000000000000e+00 
3.5701042450827502605648078e-01 0.0000000000000000000000000e+00 3.3733646796877964080252355e-01 0.0000000000000000000000000e+00 -2.0957436144181251780338471e-01 0.0000000000000000000000000e+00 -4.5713757832979145759575976e-16 0.0000000000000000000000000e+00 -2.1729469528379779579796699e-17 0.0000000000000000000000000e+00 
1.6883758827555502934146308e-16 0.0000000000000000000000000e+00 5.0028685511014910613503658e-16 0.0000000000000000000000000e+00 -5.5913025576936423677554321e-16 0.0000000000000000000000000e+00 -9.4113387571319402114250178e-16 0.0000000000000000000000000e+00 1.4003536121550302450960154e-15 0.0000000000000000000000000e+00 
1.5930628248370333473125769e-15 0.0000000000000000000000000e+00 1.9606955744023926013500149e-15 0.0000000000000000000000000e+00 1.2461862420095826561615063e-15 0.0000000000000000000000000e+00 
10 (band)
1.7414583066763116292463565e+00 (Ry)
3.1250000000000000000000000e-02 (Occupations)
1.8999416239106557814875776e-16 0.0000000000000000000000000e+00 3.0411207728468568753361300e-16 0.0000000000000000000000000e+00 -1.9031379211008410123895374e+00 0.0000000000000000000000000e+00 2.7085485847480383903018719e+00 0.0000000000000000000000000e+00 1.1177518766090321911121919e+00 0.0000000000000000000000000e+00 
2.9087807100733548137938556e-01 0.0000000000000000000000000e+00 -4.1397808263178897947298651e-01 0.0000000000000000000000000e+00 -1.7083864817575336592092583e-01 0.0000000000000000000000000e+00 -9.4181853107072214562532050e-16 0.0000000000000000000000000e+00 1.7421792611216721764137785e-16 0.0000000000000000000000000e+00 
3.8566580320512172246575653e-16 0.0000000000000000000000000e+00 1.2336980371170554294386142e-16 0.0000000000000000000000000e+00 1.4187266858665655150538110e-16 0.0000000000000000000000000e+00 -7.0585040678483028692077587e-16 0.0000000000000000000000000e+00 -1.5930628248369513057784340e-15 0.0000000000000000000000000e+00 
1.2847280845460766382929516e-16 0.0000000000000000000000000e+00 -9.4113387571314570341205699e-16 0.0000000000000000000000000e+00 1.2911517249686912660073364e-15 0.0000000000000000000000000e+00 
11 (band)
8.7924391717405931956363929e+00 (Ry)
0.0000000000000000000000000e+00 (Occupations)
-3.0380261885130876964554330e-16 0.0000000000000000000000000e+00 -1.2847861760163551928240710e-15 0.0000000000000000000000000e+00 1.0663007786908103948074712e-14 0.0000000000000000000000000e+00 2.2122677281526611989559638e-14 0.0000000000000000000000000e+00 4.9288024394818661933671336e-15 0.0000000000000000000000000e+00 
1.5200352593815460368160310e-14 0.0000000000000000000000000e+00 3.1562777821514778684459475e-14 0.0000000000000000000000000e+00 9.9912261614772875372344993e-15 0.0000000000000000000000000e+00 7.3161960086969290983915926e-01 0.0000000000000000000000000e+00 -1.3923686873957713803889754e-15 0.0000000000000000000000000e+00 
3.8072852933972864298417381e-16 0.0000000000000000000000000e+00 5.8142061682971002412045891e-01 0.0000000000000000000000000e+00 -1.2201085513914032033392565e-15 0.0000000000000000000000000e+00 3.4565202681423774500046875e+00 0.0000000000000000000000000e+00 -1.4951653911139549791144957e-14 0.0000000000000000000000000e+00 
3.0904110848361854029249543e-15 0.0000000000000000000000000e+00 2.7469085628635014906251399e+00 0.0000000000000000000000000e+00 -1.3361172079277999547392571e-14 0.0000000000000000000000000e+00 
12 (band)
8.7924391717410923519082644e+00 (Ry)
0.0000000000000000000000000e+00 (Occupations)
-1.4684760178229922719556922e-15 0.0000000000000000000000000e+00 -4.3811361513572509004454105e-15 0.0000000000000000000000000e+00 -1.6248857274400833344186597e-14 0.0000000000000000000000000e+00 -1.9531332329213178861801877e-14 0.0000000000000000000000000e+00 -3.6639425863223880274307120e-14 0.0000000000000000000000000e+00 
-2.6651808316415351153653591e-14 0.0000000000000000000000000e+00 -2.2038094628559972955320691e-14 0.0000000000000000000000000e+00 -6.8823889592338567795941080e-14 0.0000000000000000000000000e+00 5.8142061682973378289318589e-01 0.0000000000000000000000000e+00 -5.3665276282840461806125521e-16 0.0000000000000000000000000e+00 
-6.1365292045920262747234306e-16 0.0000000000000000000000000e+00 -7.3161960086972077643707735e-01 0.0000000000000000000000000e+00 1.9284941837471643323116887e-16 0.0000000000000000000000000e+00 2.7469085628635880880210607e+00 0.0000000000000000000000000e+00 -7.0979329638257489940858535e-15 0.0000000000000000000000000e+00 
-6.0282801044572599418997917e-15 0.0000000000000000000000000e+00 -3.4565202681424809227905826e+00 0.0000000000000000000000000e+00 2.8777909093829537911462947e-15 0.0000000000000000000000000e+00 
13 (band)
1.3400968968095645195148791e+01 (Ry)
0.0000000000000000000000000e+00 (Occupations)
-1.6833619615770964862139007e-15 0.0000000000000000000000000e+00 -5.4753591193094690802185428e-15 0.0000000000000000000000000e+00 -1.3769738565334939117690283e+00 0.0000000000000000000000000e+00 1.2975415215514518596506832e+00 0.0000000000000000000000000e+00 -3.3725292059331848371073193e+00 0.0000000000000000000000000e+00 
-2.3861047984361545282183670e+00 0.0000000000000000000000000e+00 2.2484595739082080534387842e+00 0.0000000000000000000000000e+00 -5.8441255677879944130381773e+00 0.0000000000000000000000000e+00 -8.2488329986911612566289644e-15 0.0000000000000000000000000e+00 4.0753153349809720597986198e-15 0.0000000000000000000000000e+00 
2.6172878026684833117677305e-15 0.0000000000000000000000000e+00 1.0106209543839194999323402e-14 0.0000000000000000000000000e+00 3.7736691749169650870375033e-15 0.0000000000000000000000000e+00 -3.7017932444718034633120997e-14 0.0000000000000000000000000e+00 4.2755750653687507123624304e-14 0.0000000000000000000000000e+00 
2.7339013639138842579831648e-14 0.0000000000000000000000000e+00 4.3166673766043084649486655e-14 0.0000000000000000000000000e+00 4.0391850978125032265135596e-14 0.0000000000000000000000000e+00 
14 (band)
1.3400968968096167444059574e+01 (Ry)
0.0000000000000000000000000e+00 (Occupations)
-9.6006970344234926894542967e-16 0.0000000000000000000000000e+00 -2.3932227076037905979733432e-15 0.0000000000000000000000000e+00 3.5695878579179569634050040e+00 0.0000000000000000000000000e+00 -7.2671620003459933001543902e-02 0.0000000000000000000000000e+00 -1.4853907253145461897503310e+00 0.0000000000000000000000000e+00 
6.1856008927139347619572618e+00 0.0000000000000000000000000e+00 -1.2592984273280663498617571e-01 0.0000000000000000000000000e+00 -2.5739762018054355152685275e+00 0.0000000000000000000000000e+00 -3.1648017410545801759438988e-15 0.0000000000000000000000000e+00 -1.0770199142686814407427632e-14 0.0000000000000000000000000e+00 
-3.8006507360015912564742621e-15 0.0000000000000000000000000e+00 -1.6313107707578485500143420e-15 0.0000000000000000000000000e+00 1.5579226107571824246907681e-15 0.0000000000000000000000000e+00 -1.2799420709698759162754267e-14 0.0000000000000000000000000e+00 -1.1223384546593116480332755e-13 0.0000000000000000000000000e+00 
-3.5561273380232982069324767e-14 0.0000000000000000000000000e+00 -3.7645355028525654587083131e-15 0.0000000000000000000000000e+00 1.7163967209534045135512109e-14 0.0000000000000000000000000e+00 
15 (band)
1.3400968968096472977435951e+01 (Ry)
0.0000000000000000000000000e+00 (Occupations)
-7.7001747489177045122958057e-16 0.0000000000000000000000000e+00 -1.8083428176648447143270319e-15 0.0000000000000000000000000e+00 5.6179157133893786735256981e-01 0.0000000000000000000000000e+00 3.6420775777151996877023521e+00 0.0000000000000000000000000e+00 1.1718726018115921405637891e+00 0.0000000000000000000000000e+00 
9.7350690990417165782133679e-01 0.0000000000000000000000000e+00 6.3112155276068078180173870e+00 0.0000000000000000000000000e+00 2.0306927579422886509519230e+00 0.0000000000000000000000000e+00 5.8589091297754974248328112e-16 0.0000000000000000000000000e+00 -1.1969561661098288523596055e-14 0.0000000000000000000000000e+00 
-5.2472727953931990963578429e-15 0.0000000000000000000000000e+00 -1.2253616918437807976847139e-14 0.0000000000000000000000000e+00 1.5461099426003669726912259e-15 0.0000000000000000000000000e+00 2.8861438855216181875147865e-15 0.0000000000000000000000000e+00 -1.2364223085669888504912821e-13 0.0000000000000000000000000e+00 
-5.4883583771804634907889331e-14 0.0000000000000000000000000e+00 -5.1950589939365724238790965e-14 0.0000000000000000000000000e+00 1.3271241113359782722131363e-14 0.0000000000000000000000000e+00 
