8 (index of k points)
1.000000000000001110223025 -0.4999999999999986677323704 0
15 (number of bands)
18 (number of orbitals)
1 (band)
-7.3254337655219288194530236e+00 (Ry)
1.8750000000000000000000000e-01 (Occupations)
7.2925516487216706096319285e+00 -2.4317654196966022291018244e-14 -1.8145511779491412251985594e+00 6.9883399369453770295501363e-15 -6.4166593915644142537818023e-16 -2.3853596595022128278544815e-16 2.5899595021089987989852754e-15 -1.9835144127219053047617339e-14 1.2447122513831934981383670e-15 2.6030879419971921260911295e-15 
2.5368826444165255728963822e-15 4.4739389321320663558134229e-14 -2.0914576845200482407426058e-15 -6.1000141770791205520226376e-14 -3.3142746341857883267235251e-16 -1.5066841264664591201802586e-14 -1.7963185584401997196835055e-01 1.0298939066704957423405876e-15 -1.6504041954929643966839070e-16 3.7716281048255593950474347e-17 
6.9656865777954384838662391e-16 4.9980759179739582812533028e-17 -3.1113150097973263363826391e-01 1.1747368955773345600170030e-15 -4.9149371137948712714092217e-15 -5.3048552201756992960620525e-16 -2.8519832883764956177330419e-01 7.9234193916181962793561624e-16 2.3014297132390082085400598e-16 1.1207945129471809811862006e-16 
3.6246997021426345369731282e-15 -5.7892598240547657179723431e-16 -4.9397799578054252256364975e-01 -2.2920656431123574035947370e-16 -1.9004850118108054721079807e-14 -3.0053883964571826850485778e-15 
2 (band)
-2.6729287140368462871720112e+00 (Ry)
1.8750000000000000000000000e-01 (Occupations)
-3.7126822712197988525324601e-15 1.5518717812166911230691579e-15 -1.2493358931267269678595490e-15 -8.2148788792465195930342784e-16 5.5352043144724062673223131e-02 4.0032724034870501017557842e-02 -4.9003069138144894623110304e-02 3.3947647698982569286485500e-01 2.1515435394264421171753515e-15 3.2157435094368813326592616e-15 
1.6634008695097748931068793e-02 1.2030354108941015978118116e-02 -1.4726059451846865155921762e-02 1.0201709547135906497317137e-01 1.3819982123015674627826465e-15 3.8569572405591950632049549e-15 -2.0105027472233463710692348e-14 2.4920014090816736172225601e-15 -1.4784330869916730220480053e-14 4.5767087120980162118908179e-15 
-1.2806482213298639449838845e-01 1.7707137675297435208676688e-01 -3.9875455627053186917459200e-15 -1.9423766385101979538459882e-15 1.0859864196641872968740472e+00 1.5676098702852234167970380e-01 -7.8528025195765249358815803e-15 1.8104023806453524718854742e-15 -7.1280759275400678209235832e-15 3.1320620126366763534095055e-15 
-8.4748723625216196286835668e-02 1.1717951050438532578645834e-01 -2.2388569530564273921908758e-15 -1.2730499291458595346348750e-15 7.1866701103357455426845490e-01 1.0373882026010748658162441e-01 
3 (band)
-2.6729287140368356290309748e+00 (Ry)
1.8750000000000000000000000e-01 (Occupations)
-1.2695623388845558446733060e-15 -1.2715740961518078444301305e-15 2.2837342544403707913927974e-15 2.3342153954254831081511353e-17 1.8096555947378184514562349e-01 2.9137097573149151052973593e-01 3.4664811053827612741251585e-02 -5.8862709320504212617830575e-02 -6.8674528511704903906254065e-16 -2.8553681297532826795440696e-14 
5.4382503676145055315771515e-02 8.7560766838263859312974091e-02 1.0417226460379486185914288e-02 -1.7689009529320134928020991e-02 -1.5674805313602226879156781e-15 -2.0906579498822915299878690e-14 1.0022626475367940943744091e-13 -2.8969806529115127144959952e-15 -9.2549036447810212689852949e-14 -6.0463540821432043077132675e-15 
-9.3209675537603919881490810e-01 5.7890944833078650244573282e-01 -5.1634503104559007237378213e-14 -1.3493843427797189888588879e-16 -1.8830200994640303169269657e-01 -1.1089285000978196804588549e-01 4.8101884681257235746453498e-14 -2.0502133707541786588924703e-15 -4.9380976328193394400076451e-14 -2.9913973645433466996753338e-15 
-6.1682832957278610486184789e-01 3.8310158889430095952022270e-01 -2.5289821801363434929401325e-14 2.3092570562779816016681865e-16 -1.2461154228949009037386020e-01 -7.3384926016080348487591323e-02 
4 (band)
-2.6592615772599739187853629e+00 (Ry)
1.8750000000000000000000000e-01 (Occupations)
4.0441057152586658918609890e-14 9.6221308875905035081451291e-16 -1.3379793470694779574145930e-14 -4.4147570091797028100973099e-16 1.5399679522748738776506728e-14 3.0738152907171810401763727e-14 5.3853825010239283403175056e-15 -9.6364464069988130830179900e-15 -1.0337015697612790196546761e-02 3.0955032397881593331234740e-01 
2.4356318114440786833594264e-15 7.3808566458980286091244138e-15 1.7219758394787589614709130e-15 -6.5365770868937473177712978e-16 -7.0392340589316357291060910e-03 2.1079557652294833580697286e-01 -1.0040969398740362539257376e+00 -3.3530463467105461883299711e-02 -4.9887823142079216451528427e-14 -1.5215669422026215168784891e-14 
-9.1114317197239272334421889e-14 4.9504314134355858005045852e-14 5.7971563852878538192214819e-01 1.9358822108788153321112802e-02 -3.2195385578474531088037325e-14 -1.7262307815083918091398004e-14 -4.8252086349332373726994661e-01 -1.6113133645750437467070171e-02 -2.8341344989664533583147656e-14 -7.7134991000598340875222126e-15 
-6.0542607271892160960824774e-14 3.3128003748977220956303250e-14 2.7858355042749316510253266e-01 9.3029220478635724078664282e-03 -2.3579613029818117887279623e-14 -1.1773960000756508264802004e-14 
5 (band)
-2.6032070628953505320168915e+00 (Ry)
1.8750000000000000000000000e-01 (Occupations)
3.4658710930827783418877354e-15 2.3688171847647409875134661e-15 -8.8813084125375107671616522e-16 -6.5289408078792156900413447e-16 -1.3877481182141139502886810e-14 -2.7409450973096543644642259e-14 -4.3228555833805627374359878e-16 5.6320132987841811265635919e-16 -1.6489447101310227642424828e-15 -1.5310350397027174437642104e-14 
-5.2442597498541835865478462e-15 -7.2010788531714196981487809e-15 -6.9150473025407181543713543e-16 9.8016750781881415614365416e-16 -1.7821588120704285241919899e-15 -9.4729319367968101096988859e-15 5.0579562687398051702803723e-14 -3.4725085453185388410732124e-15 -1.0539461277775703518244654e+00 -1.8070807965435320419089749e-01 
8.8023280750762674917265971e-14 -4.2794739626203313584913989e-14 -2.4466355995704963350543896e-14 4.7629409300474096270463871e-15 2.0728576764293019173585320e-15 2.1884373860412950107630491e-15 2.4182599854722390939997541e-14 -1.6757528732650181167258109e-15 -5.6566313817231583804812090e-01 -9.6987784039704844074591961e-02 
5.8665344765575936678099512e-14 -2.8610159739903005107114581e-14 -1.1721860847790811375217323e-14 2.2899845421446778777287829e-15 1.3901118527667604968037479e-15 1.2847882441821530301648633e-15 
6 (band)
-2.5011503971656989797622828e+00 (Ry)
1.8750000000000000000000000e-01 (Occupations)
-1.1120736672005748779668011e+00 7.1719685723209383604488708e-16 3.2319410050198238426588659e-01 -2.5530486990844508718853752e-16 7.4970937643781143456969273e-16 -1.7145232782820225686364433e-16 4.2308257163059663711204244e-16 -2.3323636021595935433678816e-15 -3.5806900945929121697776075e-16 8.4361281920577906181539184e-15 
1.3075284071781834633216641e-15 -6.1699714372526523567488340e-15 8.8690493161838440992514944e-16 2.9933894673967262851526359e-15 6.3034099209580711959205148e-16 6.2131161977525212458050111e-15 -5.1447961736364256069009571e-01 2.0256267138178386279702159e-15 -4.5103433224452022055396650e-15 1.7001561140930496839031060e-15 
-3.5793252329492683112538587e-15 -6.8311451649122710370467812e-16 -8.9110483673236084989355277e-01 2.0886988562907740588155034e-15 -1.3747978419951023660167073e-14 -2.3620075401342463236987075e-15 -2.2586634449091241849671974e-01 7.7439224015568055385733085e-16 -1.3700726813137031859857836e-15 2.6355693088275729085311073e-16 
-8.2093037348102884358667897e-16 4.1388006739774284012203202e-16 -3.9121198437808352155187208e-01 1.2254971947175844500950948e-15 -6.6269530721156629962580411e-15 -1.0049527897687353488876504e-15 
7 (band)
1.3640012260162464041712838e+00 (Ry)
1.8750000000000000000000000e-01 (Occupations)
5.0449077289053495722132265e-16 -1.5308080526982909125955806e-15 7.1631697052836811384334055e-16 5.7908540606600632647361981e-16 1.7017856457057303765090239e-01 -8.3924300331556689336309773e-01 1.5046388327858659095248584e-01 -7.1368270116616761011840708e-01 1.0232763070142221057477410e-14 -3.1745771512216777689148472e-13 
1.0373418720924336422495315e-03 -5.1156966237035014777312369e-03 9.1716889701447604221762333e-04 -4.3503302027270707164063879e-03 -3.8133801596200218960102412e-15 1.9262448509534136066600656e-13 -2.0931144479250999780901394e-14 -1.9846569535412415643687718e-16 -8.2111348985693256359369293e-17 -2.3864541449516390784640190e-16 
-6.2881296814492296243237490e-02 -1.2750834725997186799850702e-02 1.2192597972534959287707850e-14 -1.1172585440971521706483072e-17 5.3473539351657647933357964e-02 1.1273688391709108316818266e-02 6.9955440411416491029518804e-15 1.0916107629228502151229671e-15 3.9978515611875121432652764e-16 5.6254507958345298236892189e-17 
-1.1149538324433624567055823e-02 -2.2608617768390304632319943e-03 -3.7633916440147666695292976e-15 -9.1773332103577300669949886e-16 9.4814405323600178809861916e-03 1.9989476545280641765767182e-03 
8 (band)
1.3640012260162694968101960e+00 (Ry)
1.8750000000000000000000000e-01 (Occupations)
-1.1685366718275701323076281e-14 -1.5462298346982911854816009e-15 5.1380580352209284559690191e-15 8.3804575343636789133091094e-16 2.2360344777621578987725215e-02 -7.2902838977404449405383957e-01 -3.2859961311646146420173409e-02 8.5569257645256180389026213e-01 1.3285380038535661534139422e-13 1.5194289478510632445684847e-12 
1.3629990340371857682894019e-04 -4.4438715097047075397451721e-03 -2.0030145318307153272374688e-04 5.2159667783863404577626710e-03 -7.8340229151488961065171344e-14 -9.0219108166360377015263703e-13 9.8075984107023876173808276e-14 -8.9494330735242851980622668e-15 -3.2556452066558594047912907e-16 9.2310755494441340655536428e-17 
-5.4623333626215429814632074e-02 -1.6753758700174265893617642e-03 -5.5964530729554929920397485e-14 5.2502597641835071559293831e-15 -6.4113800972183124238235052e-02 -2.4620723346958084398750088e-03 -3.7353314912528189781628954e-14 2.1190800132358538992176197e-15 2.3284710362116133964698278e-15 2.2409530589076900406021120e-16 
-9.6853115715872066526781481e-03 -2.9706237652291040763144481e-04 1.8920560133824938736805514e-14 -1.4494132256654296436139209e-15 -1.1368074726151394804318784e-02 -4.3655222210505661333337923e-04 
9 (band)
1.3706114720836986009544489e+00 (Ry)
1.8750000000000000000000000e-01 (Occupations)
-4.6860768883703975499240018e-15 9.9661818676284295350342340e-17 4.0773359255344446348341312e-15 -1.5705066809917889244486377e-16 -6.9692877262596002663332088e-14 5.6118667331326094857825062e-13 1.6632872807933780959733292e-13 -1.0443655330646656037908758e-12 -3.5462842937071061000242622e-02 1.4658729735695614770918382e+00 
1.2961206610447828899084952e-15 3.8501827497829883844681630e-15 1.2311568605188951960226362e-15 -1.0777622385502028471725096e-14 2.1028983274671796815935565e-02 -8.6924272537003255401089064e-01 9.4264187764602797026114445e-02 2.2804677796514796588034368e-03 -4.6590092589177734426738707e-16 -1.1791130418102695637667706e-16 
4.2419151982537590666566761e-14 5.3866340557510726799436483e-15 -5.4423454180834544835487776e-02 -1.3166286864601554548737106e-03 7.8090977289689104387976950e-14 1.2544750949068496476054914e-14 -3.3923492272320644735916773e-02 -8.2068739926262541418966467e-04 1.4722902213058322884570253e-15 6.0914143031535408667205379e-17 
7.3439450582899655589022796e-15 2.3525376559980662169631792e-15 1.9585737395269788019280810e-02 4.7382409088572691830895667e-04 1.2518746164793256166423214e-14 2.1551259226915929361876746e-15 
10 (band)
2.2386184142846263789294881e+00 (Ry)
0.0000000000000000000000000e+00 (Occupations)
3.8376344060807108249377961e+00 6.3495386767224194805977872e-16 2.2841797112320177953748157e-01 8.7478056541528895471222194e-17 1.3979321351378260582722759e-15 1.0773412495488631105509299e-15 6.0500284873794447928217639e-16 1.0332759762509920654471464e-14 5.1867615724752859822792387e-16 -2.0841511375988268638354659e-15 
9.1229218726179524555987445e-16 5.6788848614897492312893681e-15 -1.4457121062211393196679047e-15 1.5936297025341314450395606e-14 -4.6901978858815464952283791e-16 -7.7943957829747264075946880e-15 1.9632539031476530649866774e-02 -3.9698332594685638238168965e-17 1.5944323698663934127419834e-16 -3.2068807549718613509286205e-17 
-4.0530160790917683200815517e-16 -2.0231838349195353705812230e-16 3.4004555084095930417298348e-02 -1.3085376895831105600159601e-16 4.6331468728737967403302545e-16 -5.2327260034084864646325615e-18 -1.1607592680842143684216694e-01 -1.6036359223260312291327881e-17 5.8557841659704005855451842e-16 -2.9283091115928755439896572e-16 
-5.7501510234290540890424629e-15 1.2008697669159350469453418e-15 -2.0104940276783830888085447e-01 -1.0256352966100537641056564e-15 3.3785943053320851532700639e-15 -1.1134804858337141678786829e-15 
11 (band)
5.0873237204936074817851477e+00 (Ry)
0.0000000000000000000000000e+00 (Occupations)
6.7565212611144113341453138e-15 1.1135711839526932067578413e-14 -1.0175497801343027587308728e-15 -2.7271839104980599136194068e-15 1.0058455477261766551795353e-14 -1.9637286866708605487499493e-15 -6.3055448767634750984740345e-15 1.9174256583656782788386478e-16 -2.1281334287052073861445933e+00 7.2884977876386547457343568e-01 
-3.8044500865117658081267338e-14 9.9829315766209833380627542e-15 5.5502427321648512792693738e-14 -1.6720628187242283509491328e-14 1.6995514247501479765389831e+00 -5.8206767640533330077090568e-01 -9.6912473820063016471948458e-02 -2.8297007312643335241730824e-01 -2.5305211687837417103922396e-17 -3.3500152185781549597807632e-16 
4.7729829362056695363184484e-16 2.1004619775845539141379301e-15 5.5952442847845444695575878e-02 1.6337284789215270053297502e-01 2.5438336612976644478966577e-16 5.2785418038712759756727371e-16 -5.0699503519631405890066844e-01 -1.4803504288891504714342773e+00 6.1100278902353400783176564e-15 8.1081405972670149994285709e-15 
5.1699955579539898518310540e-15 2.0532913725420646185521313e-14 2.9271372004838741576193684e-01 8.5468071861410621625765316e-01 3.0108376852395047318985757e-15 1.4519368574280286066351382e-14 
12 (band)
9.5359986410931156797232688e+00 (Ry)
0.0000000000000000000000000e+00 (Occupations)
2.6235339682172639784397239e-14 -1.9406092853078915469887641e-14 -8.2333248133125209782015073e-15 1.2600946930660293478126924e-14 -7.5274284917792944060721538e-01 -1.5858139566926658936552030e+00 -1.3128579643169948631964417e+00 -1.9984003911057011126928273e+00 4.7818939024686701655951892e-16 5.2058726866800905489659127e-15 
5.6066486643726332061987705e-01 1.1811605665790760877342791e+00 9.7785496869046406587244746e-01 1.4884669971836950175259062e+00 -2.5983942068775497327984825e-14 -1.8633591675975757455609694e-14 -2.3519086818667898624136985e-15 1.1787854985739573989610961e-15 -1.0893364415396954775384060e-15 5.4946869163611198493237300e-16 
1.6606112329925035164812641e-01 -7.8824708637742602057585373e-02 1.3872140080746372282624903e-15 -7.5028044116904182347825745e-16 -2.0926579208621895467068441e-01 1.3747808648470449810474747e-01 5.3507500144016194420249889e-15 -1.3106361304022632895675957e-14 5.1616718580600871573859314e-14 -2.9441167251292237797128983e-14 
1.9397400753532034745063584e+00 -9.2074197280442315882709181e-01 1.7875333824338513514463249e-14 -2.8345031895629570431359793e-14 -2.4444086324689302536228297e+00 1.6058650485984184985710499e+00 
13 (band)
9.5359986410932169320631147e+00 (Ry)
0.0000000000000000000000000e+00 (Occupations)
1.6632348161198520423281360e-14 3.8801276419017502066878280e-15 2.3837890575878593439646009e-14 -3.6425132071160400119686523e-15 -2.4505509048006335337532846e-01 -2.3784760163331783999751678e+00 4.1851658518542567133380317e-01 1.7047790385133407831119712e+00 1.3268778403617569893746732e-15 -1.1472312753650225800746210e-15 
1.8252419099540365121647767e-01 1.7715584272608086990885568e+00 -3.1172338015702444335985888e-01 -1.2697692352400291593284010e+00 2.8974406645220230647655818e-14 1.0815508698344074718139639e-13 7.3597377297134904229720594e-16 -3.9272362723229367903360693e-16 -1.5827274557588564309753464e-15 1.5809161331400229839491814e-16 
2.4906603788275316624378775e-01 -2.5661347867179495896294839e-02 -2.7317589869773558119003122e-15 4.4243496984416931931500155e-16 1.7851874800179048929926751e-01 -4.3825654303235012099193568e-02 -3.9953195883799988747340776e-14 4.7502154523345984850504416e-15 1.0453800948340952046403383e-13 -6.1274457555365435258819586e-15 
2.9093105327247528180123481e+00 -2.9974712838626454969315205e-01 -9.5188958086977740606689496e-14 1.2682199018761372659221725e-14 2.0852560961962289809434878e+00 -5.1192221449308594749538770e-01 
14 (band)
1.4119126627177450927774771e+01 (Ry)
0.0000000000000000000000000e+00 (Occupations)
4.5931359056338061460028328e-14 -1.6867131611210887800950211e-14 -3.9036410451287627210623318e-14 1.6138439738662238283446958e-14 -3.1781360971797780087554024e-14 -4.9660093678661996090601589e-15 2.3494651114326258227466991e-14 -1.5293246090813296027905391e-13 -3.9974067021320314196941581e+00 -2.5457934371535357875870886e+00 
3.3293997803422730843887329e-14 6.4192358253717856083602230e-14 -1.2894407127129667416810572e-14 -4.1084048831183341627572848e-13 -5.5641745442151258060903274e+00 -3.5436071666874804364510965e+00 2.3647694953558692776418582e-01 -3.7131627773784880996998936e-01 2.2508451708903268209599365e-16 -1.7342144923787263042651456e-16 
-6.8538143361993472855057212e-16 -1.5853163031216923724530798e-15 -1.3653003047151207605125478e-01 2.1437955290643564976171831e-01 -1.5375076184032760734347452e-14 -4.7512371680387986916659953e-15 1.0996870977921804346522094e+00 -1.7267294788368769964392868e+00 -1.2033404720467793919460167e-14 1.7560301458270339562082230e-14 
3.5506167793334498934553218e-15 -2.5949251715908697405729039e-14 -6.3490464193454398955651641e-01 9.9692772942403673486211346e-01 -1.1749199822426062794008482e-13 -4.1410903057838264250158187e-14 
15 (band)
1.6404754032984392608796043e+01 (Ry)
0.0000000000000000000000000e+00 (Occupations)
2.3734237728610646757252132e-13 2.2530307162496708068269357e-14 -1.0381997140997756799996464e-13 5.2758006877386686572952425e-14 -5.8965399265833596392782923e-03 -6.0557430118974797661479670e-01 1.9615442982480573164139059e+00 -2.3016316920826138670008731e+00 1.1828269351625626466107211e-13 2.2774264393107632708913139e-13 
-1.3704026167166252422879857e-02 -1.4074026756347499667043621e+00 4.5587844271239355009583960e+00 -5.3491744867616670688903469e+00 9.3134156256582411003994129e-14 3.9265465980652116442611716e-13 -2.2474583966773332614188737e-14 1.1470547943533725861059868e-14 1.8727910395500057523067583e-15 5.0934816278186416166635332e-16 
6.8452271352900342926695032e-02 -6.6652688250600780010129975e-04 1.1981489252688881209711599e-14 -6.6318424066156767304158167e-15 -2.6016942401838605292141438e-01 -2.2172698265202206435731114e-01 -5.9580684404414588734164209e-15 -3.7383277088940838306711341e-15 -2.2301589100200949431362031e-13 -9.5898915640977367011917090e-14 
5.2499217083527038862911240e-01 -5.1119033459503986430161326e-03 2.3211379053462756417829236e-13 -1.1953303878061632921565116e-13 -1.9953598032739026102433400e+00 -1.7005269168516563560444865e+00 
