18 (7.89834,0) (-1.61301,0) (5.59855e-17,0) (-6.54587e-17,0) (4.53197e-17,0) (2.92382e-16,0) (5.57551e-16,0) (-4.26796e-16,0) (-9.06325e-18,0) (-2.07726e-17,0) (1.9846e-17,0) (9.26129e-17,0) (-4.02103e-17,0) (3.57407e-16,0) (1.23762e-16,0) (3.64102e-16,0) (-4.38451e-16,0) (3.0748e-16,0)
 (0.513743,0) (8.87691e-18,0) (-1.46367e-18,0) (-2.73761e-18,0) (-3.23634e-17,0) (3.79471e-18,0) (-7.15573e-17,0) (-9.89334e-18,0) (-2.33917e-17,0) (2.04609e-17,0) (9.31025e-17,0) (-3.56974e-17,0) (1.08529e-16,0) (-1.29237e-16,0) (-1.78026e-16,0) (-3.29164e-16,0) (-8.08815e-17,0)
 (0.069615,0) (2.61869e-17,0) (1.30612e-17,0) (-0.0370455,0) (-2.97722e-16,0) (1.74611e-16,0) (4.50367e-18,0) (-2.03966e-18,0) (-5.16605e-18,0) (3.15477e-18,0) (-2.09895e-18,0) (-1.23057e-17,0) (-2.1413e-17,0) (-1.55312e-17,0) (-3.63208e-18,0) (-3.86789e-17,0)
 (0.069615,0) (-2.50247e-17,0) (-2.97722e-16,0) (-0.0370455,0) (-2.36627e-17,0) (9.14796e-18,0) (-7.75205e-18,0) (1.40269e-18,0) (-3.55584e-18,0) (-2.1745e-17,0) (-1.06252e-17,0) (4.21755e-17,0) (-3.96005e-17,0) (-4.73254e-17,0) (-7.45931e-17,0)
 (0.069615,0) (1.74611e-16,0) (-2.36627e-17,0) (-0.0370455,0) (-3.89974e-18,0) (1.40269e-18,0) (5.60651e-18,0) (-4.03018e-18,0) (7.55553e-19,0) (-1.48536e-17,0) (-3.96005e-17,0) (-3.25261e-19,0) (7.54876e-17,0) (2.82435e-17,0)
 (0.0418434,0) (1.50704e-16,0) (8.73867e-17,0) (1.27868e-17,0) (-1.50772e-18,0) (1.92107e-18,0) (-4.41474e-18,0) (-9.74427e-18,0) (2.62377e-17,0) (-1.5992e-16,0) (-4.40728e-17,0) (3.76218e-17,0) (4.66207e-18,0)
 (0.0418434,0) (-3.41957e-16,0) (-1.7415e-18,0) (5.65818e-18,0) (7.04731e-19,0) (9.20217e-18,0) (-8.49743e-18,0) (1.27936e-17,0) (-1.7911e-16,0) (-2.12504e-17,0) (1.03758e-16,0) (1.00614e-16,0)
 (0.0418434,0) (4.05898e-18,0) (7.04731e-19,0) (-1.51788e-17,0) (-2.32087e-18,0) (7.08797e-18,0) (-9.0314e-17,0) (-2.12504e-17,0) (-2.77556e-17,0) (3.49113e-17,0) (-6.09322e-17,0)
 (0.937557,0) (1.11597e-18,0) (-7.05367e-19,0) (6.17735e-17,0) (-5.99996e-18,0) (-0.24565,0) (-1.61953e-18,0) (-2.27682e-18,0) (-2.78315e-16,0) (1.55854e-18,0)
 (0.998023,0) (-2.42717e-18,0) (2.20144e-18,0) (6.51114e-18,0) (-1.61953e-18,0) (-0.118556,0) (-2.32934e-17,0) (-2.26327e-18,0) (5.82759e-19,0)
 (0.998023,0) (-1.12295e-18,0) (-5.75135e-19,0) (-2.27682e-18,0) (-2.32934e-17,0) (-0.118556,0) (-8.23655e-18,0) (-5.64327e-17,0)
 (0.937557,0) (-1.95665e-19,0) (-2.78315e-16,0) (-2.26327e-18,0) (-8.23655e-18,0) (-0.24565,0) (1.35525e-19,0)
 (0.998023,0) (1.55854e-18,0) (5.82759e-19,0) (-5.64327e-17,0) (1.35525e-19,0) (-0.118556,0)
 (0.113287,0) (-6.63532e-17,0) (-3.57787e-18,0) (1.53469e-15,0) (-4.68375e-17,0)
 (0.0323155,0) (4.01155e-17,0) (-3.23092e-17,0) (2.3332e-16,0)
 (0.0323155,0) (3.85976e-17,0) (-7.93636e-17,0)
 (0.113287,0) (-7.069e-17,0)
 (0.0323155,0)
