18 (1.82755,2.82773e-17) (0.10623,-5.07268e-17) (-4.96225e-17,1.01675) (-3.96481e-17,-1.01675) (3.55426e-17,-1.01675) (-3.53894e-17,-1.64969) (-1.22521e-16,1.64969) (3.7392e-18,1.64969) (8.52266e-17,1.96508e-17) (0.0634074,-6.47053e-17) (0.0634074,-4.73627e-18) (4.93203e-16,3.23293e-17) (-0.0634074,-1.63258e-17) (-1.02455e-16,5.08415e-17) (-1.02283,5.26206e-17) (-1.02283,-8.66701e-18) (-4.9085e-16,6.16024e-17) (1.02283,5.23953e-17)
 (0.715261,-1.81626e-17) (-6.37249e-18,-0.0566472) (3.3351e-17,0.0566472) (6.22478e-17,0.0566472) (2.32897e-17,0.115682) (8.07083e-17,-0.115682) (-4.1405e-17,-0.115682) (-7.44661e-17,-1.02736e-18) (0.0389033,-1.85854e-17) (0.0389033,-3.52179e-17) (-1.47756e-17,7.07813e-18) (-0.0389033,3.38054e-17) (9.87469e-17,2.18128e-17) (0.0727986,1.15803e-16) (0.0727986,1.10952e-16) (-2.7643e-17,6.24944e-17) (-0.0727986,1.25839e-17)
 (0.936138,-7.69939e-18) (-0.693966,-1.28821e-17) (-0.693966,-6.53096e-17) (-1.10554,-2.54866e-16) (0.991906,-5.15995e-17) (0.991906,-1.51132e-17) (-8.90643e-17,-0.00695273) (1.10826e-17,-0.0114865) (-3.09737e-18,-0.0114865) (-5.80672e-18,-2.06235e-16) (-1.05236e-17,0.0208175) (1.60124e-16,0.0050858) (-1.11106e-17,0.634336) (1.62161e-18,0.634336) (2.7604e-17,4.98642e-16) (1.13304e-17,-0.547437)
 (0.936138,1.4553e-17) (0.693966,-1.56463e-17) (0.991906,4.05682e-17) (-1.10554,-1.02542e-16) (-0.991906,-1.42964e-16) (-2.9186e-17,-0.00347637) (-5.61404e-17,0.0114865) (6.23419e-18,0.0208175) (-8.34043e-18,0.00602124) (9.80097e-17,-0.0114865) (-3.5371e-17,0.0025429) (1.14032e-16,-0.634336) (-4.8715e-19,-0.547437) (8.57416e-17,-0.00440443) (-8.42203e-17,0.634336)
 (0.936138,-4.25635e-17) (0.991906,2.58558e-17) (-0.991906,-1.93544e-16) (-1.10554,-5.99936e-17) (1.10429e-16,-0.00347637) (-2.60072e-17,0.0208175) (4.54483e-17,0.0114865) (-4.59916e-17,-0.00602124) (1.20064e-16,-0.0114865) (7.48978e-17,0.0025429) (1.10041e-17,-0.547437) (-4.46537e-17,-0.634336) (-5.75012e-17,0.00440443) (1.34904e-16,0.634336)
 (2.06159,1.91013e-16) (-1.68278,-5.14108e-17) (-1.68278,-7.88875e-17) (4.48907e-17,0.0315133) (-1.25538e-17,0.0850742) (-3.85992e-17,0.0850742) (8.66082e-18,2.94979e-16) (1.00019e-17,-0.0606796) (-4.5392e-17,0.0103695) (1.0172e-16,-1.0688) (1.46665e-16,-1.0688) (5.2566e-17,-5.96061e-16) (5.01438e-17,1.02065)
 (2.06159,1.19856e-16) (1.68278,1.11463e-16) (-2.00769e-18,0.0157567) (-3.00103e-17,-0.0850742) (1.16308e-16,-0.0606796) (-9.62369e-17,-0.0272913) (1.2967e-16,0.0850742) (-3.36311e-18,0.00518475) (9.28921e-17,1.0688) (-8.34751e-18,1.02065) (1.5726e-16,-0.00898026) (1.87323e-16,-1.0688)
 (2.06159,5.99784e-17) (3.60211e-18,0.0157567) (-2.45573e-17,-0.0606796) (-8.87632e-17,-0.0850742) (6.41429e-17,0.0272913) (5.27119e-17,0.0850742) (2.26278e-17,0.00518475) (-4.35375e-17,1.02065) (7.56238e-17,1.0688) (-1.27758e-16,0.00898026) (-5.1117e-17,-1.0688)
 (0.808472,-3.58528e-18) (8.9415e-05,7.24066e-19) (8.9415e-05,-9.10219e-18) (-3.03108e-16,8.37308e-18) (0.00017883,-5.68607e-18) (-0.132239,1.22135e-16) (-0.00113845,6.23927e-18) (-0.00113845,4.85579e-17) (3.26272e-17,3.60752e-17) (-0.00227691,-1.41495e-16)
 (0.810157,-1.78609e-18) (0.00459378,1.40233e-17) (0.000154871,-8.79984e-18) (-0.00459378,-1.00445e-17) (-0.00189566,6.25307e-18) (-0.197814,1.19043e-16) (-0.0582356,1.29494e-17) (-0.00328339,-1.81073e-17) (0.0582356,4.84873e-17)
 (0.810157,4.41615e-18) (-0.000154871,-3.45333e-18) (-0.00459378,1.8944e-18) (-0.00189566,-1.14115e-16) (-0.0582356,1.94593e-17) (-0.197814,7.6795e-17) (0.00328339,-6.98298e-18) (0.0582356,9.12463e-18)
 (0.808472,-2.11696e-19) (1.49752e-16,-1.22972e-17) (-9.15652e-17,-2.0684e-17) (-0.00197186,2.915e-18) (0.00197186,-1.54299e-16) (-0.132239,1.0347e-16) (2.61292e-16,1.66295e-16)
 (0.810157,-3.95135e-19) (-0.00379133,8.54444e-17) (0.0582356,-1.10426e-17) (0.0582356,9.29109e-18) (4.06343e-18,-2.85553e-17) (-0.197814,6.89791e-18)
 (0.838128,1.07897e-17) (-0.0311971,-5.2285e-17) (-0.0311971,-2.4709e-17) (2.94675e-16,-1.13759e-16) (-0.0623941,3.0886e-17)
 (1.5049,-1.42574e-17) (0.680377,2.19273e-17) (-0.0540349,2.88738e-17) (-0.680377,-4.94355e-17)
 (1.5049,-2.04036e-17) (0.0540349,8.36785e-17) (-0.680377,-5.78284e-17)
 (0.838128,9.72862e-17) (-1.76799e-16,-2.32272e-17)
 (1.5049,6.43591e-17)
