18 (0.342504,2.97066e-17) (0.4903,1.2148e-17) (-4.34911e-17,0.114743) (-9.53296e-17,-0.439399) (-2.33143e-17,-0.114743) (-1.26633e-17,-0.148348) (2.29499e-17,0.429981) (1.49754e-17,0.148348) (0.0241718,3.41795e-17) (0.0411347,5.96351e-18) (0.0277222,-3.04935e-17) (-0.0418667,-6.19752e-17) (-0.0411347,-1.21978e-17) (-0.265388,8.36993e-17) (-0.42175,6.67885e-17) (-0.234346,3.62117e-17) (0.459666,-4.98759e-17) (0.42175,-1.56135e-17)
 (1.49265,9.54393e-18) (9.04829e-17,-0.0133204) (-7.03238e-17,-0.946212) (-4.59448e-17,0.0133204) (-7.54418e-17,-0.267635) (-4.13468e-17,1.12858) (-4.43492e-17,0.267635) (0.0689345,-1.82417e-17) (0.120231,-8.80911e-18) (0.138542,-3.75948e-17) (-0.119398,-5.63734e-18) (-0.120231,-1.41488e-17) (-0.58352,-7.2883e-17) (-1.13792,-8.32664e-17) (-0.900456,1.24034e-16) (1.01069,-1.03653e-17) (1.13792,-7.11072e-17)
 (0.760051,4.48994e-17) (-0.541964,4.65123e-17) (-0.45256,-5.39662e-17) (-0.24214,-1.52249e-16) (0.491318,3.33918e-17) (0.279472,-1.38779e-17) (-1.03755e-16,-0.046486) (-3.41597e-17,0.0128179) (3.98687e-17,0.080411) (3.3483e-17,0.100071) (-3.7176e-17,0.0053727) (1.05592e-17,0.458744) (-1.22825e-16,0.221731) (-4.85692e-18,-0.403039) (-3.15195e-18,-0.737163) (-4.97044e-17,-0.181954)
 (1.96818,7.58918e-19) (0.541964,9.97476e-18) (0.49601,-4.79214e-17) (-1.52534,3.03546e-18) (-0.49601,1.44417e-16) (-5.19933e-17,0.0658205) (6.59825e-17,0.12732) (1.23039e-16,0.0183585) (5.13693e-17,-0.114004) (4.19379e-17,-0.12732) (8.10824e-18,-0.92575) (5.13338e-17,-1.2826) (-3.94447e-17,-0.338266) (1.7535e-16,1.60345) (8.0468e-17,1.2826)
 (0.760051,6.77615e-18) (0.279472,1.12782e-17) (-0.491318,5.29087e-17) (-0.24214,-5.4212e-17) (1.03352e-16,0.0634214) (-2.40221e-17,0.0053727) (2.64531e-17,-0.080411) (-3.1464e-17,-0.0902937) (4.59626e-17,0.0128179) (-2.30913e-17,-0.40903) (5.15396e-17,-0.181954) (1.40511e-17,0.403039) (-4.47528e-17,0.765865) (-9.64147e-17,0.221731)
 (0.483233,5.73604e-17) (-0.421789,-2.19876e-16) (-0.157455,-1.52654e-16) (4.81312e-17,0.0740791) (-5.61847e-17,0.0276624) (8.55667e-17,-0.000102396) (1.69041e-17,-0.0430293) (1.08224e-16,-0.0174105) (1.04027e-17,-0.298478) (-3.1727e-16,-0.340009) (9.84065e-17,-0.0256996) (-6.81187e-17,0.51578) (-1.56277e-17,0.317784)
 (1.96724,1.30097e-16) (0.421789,-1.10169e-16) (6.01034e-17,-0.11427) (-3.96599e-17,-0.11193) (5.8248e-17,-0.0436375) (-1.32697e-17,0.197922) (3.29347e-17,0.11193) (-2.62753e-17,0.983417) (-1.63699e-16,1.36881) (3.93339e-17,0.616952) (1.12137e-16,-1.70333) (-7.82882e-17,-1.36881)
 (0.483233,-3.81616e-17) (-6.67256e-17,-0.000224872) (3.68836e-17,-0.0174105) (-1.08564e-16,0.000102396) (-3.36893e-17,0.085669) (-4.42982e-17,0.0276624) (-5.23325e-17,0.29744) (-3.87688e-17,0.317784) (1.5714e-16,0.0256996) (7.06679e-17,-0.51638) (-2.72975e-17,-0.340009)
 (0.815402,-3.59739e-18) (0.0018197,2.72474e-17) (4.33727e-05,-2.62885e-17) (-0.0107769,9.52237e-18) (-0.000888968,-5.238e-18) (-0.181693,9.42155e-17) (-0.0535276,-4.88462e-19) (0.00366655,-1.27132e-17) (0.126471,-1.86749e-17) (0.0380874,-1.33898e-17)
 (0.812619,5.21339e-19) (0.00649178,1.84527e-18) (-0.00207709,-2.01423e-18) (-0.00714393,6.8508e-18) (-0.0500164,-7.346e-17) (-0.212296,-4.03865e-17) (-0.0922181,-1.48807e-17) (0.0662539,-1.52903e-17) (0.118432,2.49367e-17)
 (0.819662,8.04704e-20) (-7.51238e-05,-1.92793e-18) (-0.00649178,-5.96304e-19) (-0.000894026,-9.09135e-17) (-0.0923146,4.51164e-17) (-0.288797,6.8115e-17) (0.0015485,-4.59419e-17) (0.0923146,1.97323e-17)
 (0.827846,1.14496e-18) (0.00261445,6.08847e-18) (0.126471,1.62739e-16) (0.0748837,-2.72351e-16) (-0.00635066,-1.81088e-16) (-0.327729,1.59794e-18) (-0.0837981,-2.01659e-17)
 (0.812619,-6.07155e-18) (0.0323693,-3.57907e-18) (0.118432,-4.19587e-17) (0.0922181,5.96314e-17) (-0.0764424,-1.46206e-16) (-0.212296,2.27687e-18)
 (1.4532,9.61731e-17) (0.756938,4.77933e-17) (0.206363,5.46042e-17) (-1.11599,-6.42294e-17) (-0.688592,6.94823e-18)
 (1.93517,-1.041e-17) (0.832297,8.06652e-17) (-1.23214,-7.6474e-17) (-1.25642,-1.70005e-16)
 (2.00936,-2.01675e-17) (-0.357431,2.85895e-17) (-0.832297,1.56114e-17)
 (2.74183,2.31413e-17) (1.2716,-6.07215e-17)
 (1.93517,-7.28581e-17)
