18 (1.46281,-4.46922e-17) (0.330214,8.71735e-17) (-2.11134e-20,-1.62488e-17) (4.6975e-18,-9.57927e-17) (-5.97597e-17,-1.67567) (1.10979e-16,-1.66179e-16) (3.01363e-17,-1.43666e-16) (-1.622e-17,2.58712) (0.0589897,3.66761e-17) (-3.23123e-17,-7.72008e-17) (-3.47971e-17,-8.54174e-19) (0.102173,4.28046e-17) (-3.8999e-17,-1.75999e-17) (-0.914383,-7.13154e-18) (4.3835e-16,-1.93656e-17) (3.39634e-17,3.31856e-17) (-1.58376,2.69168e-17) (-9.13897e-17,-2.69832e-17)
 (0.571997,-4.27752e-18) (-1.58031e-17,-1.59064e-17) (4.02936e-17,-2.1363e-17) (9.41222e-17,-0.380025) (6.23086e-17,-1.79738e-17) (3.38969e-17,1.43536e-16) (-2.75319e-17,0.231852) (-0.000317339,9.1514e-18) (-7.03472e-17,-3.72878e-17) (2.74608e-17,4.11922e-17) (-0.000549647,4.3507e-17) (3.05815e-17,1.05217e-17) (-0.121925,5.38206e-17) (2.88532e-16,-2.99113e-17) (1.32201e-17,6.88852e-17) (-0.211181,-5.63415e-17) (-1.15441e-18,5.941e-17)
 (0.278712,-3.25276e-17) (-2.7079e-17,-1.13642e-17) (-3.83521e-17,-1.4096e-16) (0.0167385,1.04005e-16) (6.97625e-17,-4.16224e-17) (6.01374e-18,2.39172e-17) (-1.29437e-16,9.87791e-18) (6.36087e-17,-6.08833e-17) (3.24176e-18,0.029557) (-2.84326e-17,9.10665e-17) (8.5137e-17,4.96096e-17) (9.08366e-17,1.03989e-16) (4.78168e-17,1.11241e-16) (-4.46745e-17,0.0892414) (-2.05352e-17,2.46318e-17) (-1.83769e-17,7.3611e-17)
 (0.278712,-7.02285e-18) (-2.95037e-17,3.16793e-17) (2.22635e-16,-1.32088e-17) (0.0167385,8.61098e-17) (5.37399e-17,-1.67467e-16) (-2.76953e-17,4.85562e-17) (-8.74873e-17,6.92249e-18) (-1.63782e-17,4.0244e-18) (-6.24828e-17,-8.52231e-17) (8.12045e-17,0.029557) (1.09493e-16,-2.08603e-17) (5.46178e-17,-1.13448e-16) (1.2467e-18,-1.48522e-18) (1.8296e-17,1.862e-16) (3.11391e-17,0.0892414)
 (2.57365,1.69323e-17) (-7.79299e-17,3.75619e-17) (-2.42035e-18,-2.59247e-17) (-3.60348,3.51723e-17) (7.45282e-17,0.0667444) (4.85858e-17,-3.25266e-17) (4.67695e-17,-4.05974e-18) (-4.14786e-17,0.115605) (7.05974e-17,-3.69947e-17) (7.681e-18,-1.24745) (1.57754e-17,3.17853e-17) (-1.32257e-16,1.06478e-16) (-6.70419e-17,-2.16065) (2.02558e-16,7.65032e-18)
 (0.32221,-6.73218e-18) (-1.26112e-16,5.18072e-17) (9.67982e-17,-1.23558e-16) (1.31167e-16,1.45798e-17) (6.48704e-18,1.28976e-17) (-1.09255e-16,0.0297886) (-1.82855e-18,-4.41059e-17) (-7.77914e-17,-7.08296e-17) (-1.64215e-16,-1.74797e-17) (-1.76053e-16,1.76927e-16) (-4.14277e-17,0.0165691) (-9.31496e-17,4.83834e-17) (7.52976e-17,1.08998e-16)
 (0.32221,-1.36882e-16) (1.32408e-17,6.85344e-17) (-6.13677e-17,-6.45156e-17) (-6.34587e-17,4.45926e-17) (1.62902e-17,2.52948e-17) (-6.87778e-17,4.13875e-17) (5.20402e-17,0.0297886) (-1.71707e-16,1.79252e-17) (-7.97209e-17,2.75056e-17) (-3.09e-17,-2.38892e-17) (-1.08991e-16,-3.35982e-16) (-1.04336e-17,0.0165691)
 (5.96631,1.21651e-17) (-3.49946e-17,-0.12398) (-1.97867e-18,1.17145e-16) (-5.1575e-17,3.19988e-17) (-2.62003e-17,-0.21474) (-1.26645e-17,1.58781e-16) (3.81853e-17,1.88623) (-9.03663e-17,1.8737e-16) (-7.22598e-17,-1.07589e-17) (9.07938e-17,3.26705) (1.25836e-16,3.75607e-18)
 (0.811979,-1.60071e-18) (-1.91186e-17,-5.60924e-18) (-1.30418e-16,-4.72196e-18) (0.00378222,-5.24667e-18) (6.16293e-17,-1.78051e-18) (-0.208987,7.2434e-17) (-6.99738e-18,2.96053e-17) (2.46681e-17,1.47362e-16) (-0.0291805,9.67714e-18) (1.12414e-18,-1.2874e-16)
 (0.807429,2.17124e-18) (-3.57956e-16,1.58834e-17) (1.95666e-16,-5.16393e-20) (-1.8344e-16,-1.23654e-17) (7.96231e-18,-7.81398e-18) (-0.0946376,2.22227e-17) (-1.36231e-17,2.8562e-17) (9.3352e-17,1.36628e-17) (-7.47058e-18,1.69913e-17)
 (0.807199,2.31064e-18) (-1.79044e-16,-6.8618e-18) (-2.73557e-16,-1.57353e-17) (4.18516e-17,-5.74854e-17) (3.65484e-17,1.08403e-17) (-0.128907,5.8214e-17) (7.67819e-17,-1.63112e-16) (9.53843e-19,-5.97274e-18)
 (0.816347,-1.82616e-18) (1.55217e-16,-1.34288e-17) (-0.0291805,1.83181e-17) (-4.10583e-17,-3.14548e-17) (1.97974e-18,1.02547e-17) (-0.242682,3.93597e-18) (-4.62955e-17,1.08831e-16)
 (0.807199,2.33272e-18) (5.5878e-17,5.51749e-17) (9.01078e-17,-4.23216e-17) (1.37472e-17,5.93137e-17) (1.21649e-16,-3.17407e-18) (-0.128907,-1.52879e-17)
 (1.47407,-1.34398e-17) (-1.46355e-16,-7.30542e-17) (7.20046e-17,-8.68782e-17) (1.13398,-4.024e-17) (-4.07424e-17,-9.45592e-17)
 (0.835558,3.09827e-18) (-1.4652e-17,-6.27562e-19) (3.71985e-17,1.6718e-17) (-1.79956e-17,-1.96889e-16)
 (0.88016,8.22462e-18) (-1.52216e-17,-5.68303e-17) (9.11737e-17,2.82422e-19)
 (2.78348,1.00764e-16) (1.30219e-16,-3.54555e-17)
 (0.88016,1.49275e-17)
