18 (0.0522298,-5.11298e-19) (0.188949,1.0151e-17) (4.74338e-20,-1.11094e-15) (-4.86536e-18,1.11262e-15) (-4.48589e-18,5.67903e-16) (-1.33357e-17,6.54826e-16) (2.87314e-18,-8.24471e-16) (-3.1984e-18,-3.472e-16) (-0.0144437,-2.21041e-18) (-4.57398e-18,-1.97172e-18) (-4.72143e-16,-1.18442e-17) (-0.0250172,4.29743e-18) (-5.34518e-16,-4.90927e-19) (0.0314168,-1.12598e-17) (1.79978e-17,7.92427e-18) (1.37255e-15,-2.13976e-17) (0.0544155,4.74234e-18) (1.82753e-15,-2.41585e-17)
 (0.931152,2.64727e-18) (-6.64887e-17,-3.96147e-15) (3.56431e-17,3.65523e-15) (4.98733e-18,1.17256e-15) (-3.08998e-17,2.20203e-15) (-2.51535e-17,-2.08466e-15) (-8.89046e-18,-1.20701e-15) (-0.118696,1.79518e-17) (3.67816e-17,-4.83498e-18) (-1.88683e-15,5.96981e-18) (-0.205587,-7.28628e-18) (-1.9649e-15,-9.81905e-18) (0.17179,-6.32907e-17) (-2.38524e-18,3.83902e-18) (6.84289e-15,-6.40339e-18) (0.29755,9.13087e-17) (7.17113e-15,-1.57407e-17)
 (0.813036,9.31401e-18) (1.07827e-16,-7.94743e-18) (3.02138e-15,-3.19188e-17) (-0.0871131,-1.05544e-16) (-1.51883e-16,5.61076e-18) (-1.49059e-15,-8.14054e-18) (-2.27174e-18,-1.19419e-15) (2.3971e-19,-7.36942e-16) (1.64409e-18,-0.311673) (-6.98379e-19,7.37981e-16) (7.23366e-19,-4.77888e-18) (4.19044e-17,6.76349e-15) (6.97955e-18,1.53118e-15) (2.58379e-17,0.746533) (-1.00966e-17,-2.56555e-15) (7.72494e-18,8.5567e-17)
 (0.813036,-6.27892e-17) (3.3648e-15,1.23723e-17) (-1.51883e-16,5.61076e-18) (-0.0871131,-1.1504e-16) (-1.87908e-15,-5.85467e-18) (-2.37339e-18,-1.15426e-15) (-1.12588e-17,7.3585e-16) (-1.01136e-18,-4.78227e-18) (-7.65887e-18,5.90852e-16) (-2.2836e-18,0.311673) (5.62701e-17,4.99291e-15) (2.27682e-18,-1.77992e-15) (-1.91633e-17,8.55128e-17) (9.83913e-18,-3.94674e-15) (6.28837e-18,-0.746533)
 (0.448071,-8.81815e-18) (-1.49059e-15,-8.14054e-18) (-1.87908e-15,-5.85467e-18) (-0.0700943,-2.59891e-18) (-3.04932e-19,-0.269917) (-1.01136e-18,-4.78227e-18) (-3.29496e-18,-6.93277e-16) (1.14519e-18,0.155837) (-1.23328e-18,7.00491e-16) (6.66784e-18,0.646516) (-1.91633e-17,8.55128e-17) (5.77338e-18,3.36501e-15) (-1.37423e-17,-0.373266) (-1.37152e-17,-3.43231e-15)
 (0.0292949,-5.79829e-17) (1.23491e-16,-2.92024e-17) (1.24846e-16,-2.31546e-17) (7.96211e-19,1.47128e-15) (9.82558e-20,1.25286e-16) (8.55503e-19,0.040347) (-1.6263e-19,-3.15793e-16) (-8.13152e-20,7.83551e-18) (3.42608e-17,-3.48026e-15) (7.91468e-18,5.40565e-16) (-3.71339e-18,-0.0702084) (2.90566e-17,9.46573e-16) (-6.07153e-18,-7.30293e-17)
 (0.0292949,4.66153e-17) (7.14056e-16,7.61447e-17) (1.9475e-17,9.34343e-16) (2.36492e-18,-1.34377e-16) (-3.38813e-20,7.84906e-18) (9.77137e-18,-9.85111e-16) (1.6114e-17,-0.040347) (5.26922e-17,-1.8929e-15) (-5.26922e-17,3.74972e-16) (1.99493e-17,-7.29209e-17) (-1.19262e-18,1.86341e-15) (-1.34441e-17,0.0702084)
 (0.0436326,2.47825e-18) (3.84214e-18,0.0349416) (-3.38813e-20,7.84906e-18) (1.00628e-18,5.20608e-16) (-5.93601e-18,-0.0201735) (-2.77827e-18,-5.41241e-16) (8.13152e-18,-0.0608023) (1.99493e-17,-7.29209e-17) (-4.77049e-18,-1.45464e-15) (-1.87567e-17,0.0351042) (2.71051e-17,1.68073e-15)
 (1.09931,2.05924e-18) (7.0219e-19,-7.85428e-20) (4.01606e-17,-5.85781e-19) (-0.0929532,-1.33619e-18) (8.61691e-17,-4.94525e-19) (-0.615936,1.49695e-18) (1.82078e-17,3.29282e-18) (-1.37808e-15,-6.30489e-19) (0.289018,2.52067e-18) (9.89714e-16,-8.26863e-18)
 (0.875603,-8.33118e-20) (2.799e-16,3.36143e-18) (3.1984e-18,8.80276e-20) (2.65962e-16,3.69018e-19) (1.82078e-17,3.29282e-18) (-0.00574946,-4.17728e-18) (-8.0479e-16,-1.64917e-17) (-1.39252e-17,-1.85912e-18) (-7.67602e-16,1.36439e-17)
 (1.05056,8.25432e-19) (1.14646e-16,5.99001e-20) (-2.1629e-18,5.1129e-20) (-1.37808e-15,-6.30489e-19) (-8.0479e-16,-1.64917e-17) (-0.411365,-2.69695e-18) (3.20785e-16,-2.2388e-18) (1.00153e-17,1.35634e-18)
 (0.991974,-2.16557e-18) (8.9766e-17,1.55114e-19) (0.289018,2.52067e-18) (-1.39252e-17,-1.85912e-18) (3.20785e-16,-2.2388e-18) (-0.282207,-5.5166e-18) (-1.01423e-15,1.25402e-18)
 (1.05056,5.99387e-19) (9.89714e-16,-8.26863e-18) (-7.67602e-16,1.36439e-17) (1.00153e-17,1.35634e-18) (-1.01423e-15,1.25402e-18) (-0.411365,-8.14755e-19)
 (1.15592,-3.87316e-17) (-1.22515e-16,-5.79985e-18) (7.16972e-15,-4.8346e-17) (-0.573538,-5.89913e-17) (-5.30478e-15,7.02305e-17)
 (0.0177344,7.51539e-19) (1.96566e-15,3.27912e-17) (2.05239e-16,-5.8644e-17) (1.83902e-15,1.83056e-17)
 (0.756001,-1.63468e-17) (-1.72594e-15,3.96939e-17) (-1.15142e-16,9.74313e-19)
 (0.493658,-1.69768e-17) (5.03113e-15,9.78738e-18)
 (0.756001,-5.18348e-18)
