18 (0.585524,-2.96053e-17) (0.626539,-9.98082e-18) (-1.68198e-17,1.49262e-15) (-1.03135e-16,-0.656443) (3.62622e-17,-0.656443) (2.28938e-17,-1.92638e-15) (-1.88252e-16,0.820684) (7.93786e-17,0.820684) (0.0512506,2.05587e-17) (3.2845e-16,-7.53116e-17) (3.77264e-16,-1.51452e-17) (1.15975e-16,4.83766e-18) (-0.0961857,-3.33484e-18) (-0.665517,3.59881e-17) (-3.95765e-15,8.1963e-17) (-3.87885e-15,-1.09284e-16) (6.36167e-19,5.29148e-17) (1.23533,5.98686e-17)
 (1.14284,6.76703e-17) (-5.43676e-17,-8.03933e-16) (-1.71982e-17,-0.685292) (2.17078e-17,-0.685292) (7.72248e-17,-2.43083e-15) (-3.00883e-17,1.01549) (-1.57186e-17,1.01549) (-0.0552265,3.91659e-17) (8.21055e-16,2.91655e-17) (9.96347e-16,-8.06649e-17) (1.78032e-16,-1.20862e-16) (-0.189787,1.12187e-17) (-0.660054,3.30332e-17) (-6.74692e-15,6.85253e-17) (-6.87223e-15,1.11021e-16) (-3.76603e-17,7.46041e-17) (1.5147,-3.12997e-17)
 (0.642317,2.24769e-17) (-4.41558e-15,2.62919e-17) (-4.40603e-15,-1.08718e-16) (0.0248149,8.13183e-18) (3.88337e-15,3.0575e-17) (3.90344e-15,5.67033e-17) (-1.44379e-16,-4.19532e-16) (2.72063e-17,0.0959797) (4.72278e-17,0.0959797) (2.10689e-17,1.03684e-16) (4.47761e-17,1.61949e-16) (-2.33713e-17,5.08539e-15) (-1.08514e-16,-0.299012) (-5.34271e-17,-0.299012) (-8.35709e-18,3.83824e-17) (-1.19733e-17,-2.98236e-15)
 (1.50294,-3.14415e-18) (1.23805,-9.75779e-18) (3.95144e-15,-5.72459e-17) (-1.48809,-1.21443e-17) (-1.41028,-1.12755e-17) (-4.82104e-17,0.117576) (2.43221e-17,2.12924e-16) (6.06837e-17,1.55047e-16) (6.78085e-17,0.0122321) (1.02748e-16,-0.133967) (-3.18429e-17,-1.25352) (7.96644e-18,-4.22969e-15) (1.82346e-17,-4.11373e-15) (1.24173e-16,0.0775272) (1.54151e-17,2.02092)
 (1.50294,-1.58293e-17) (3.96778e-15,1.1872e-16) (-1.41028,2.42863e-17) (-1.48809,1.40079e-16) (1.28182e-16,0.117576) (1.61205e-17,1.69019e-16) (8.38092e-17,2.12518e-16) (-1.5174e-17,-0.0122321) (1.2482e-16,-0.133967) (-3.38215e-17,-1.25352) (-2.32702e-17,-4.16859e-15) (-2.95885e-17,-4.16649e-15) (-1.19347e-16,-0.0775272) (-7.05017e-17,2.02092)
 (0.336437,-2.3095e-17) (-4.03464e-15,-4.05056e-16) (-3.84832e-15,-8.67317e-17) (1.65414e-16,7.96202e-16) (-3.48269e-17,0.0128168) (3.86227e-17,0.0128168) (-2.23182e-18,-5.30445e-17) (-7.37959e-18,-4.52696e-16) (-1.36657e-16,-3.44092e-15) (2.2048e-16,-0.0123541) (1.65681e-16,-0.0123541) (-5.33728e-17,-7.2869e-17) (5.45979e-17,5.96363e-15)
 (2.18343,3.64228e-17) (1.84704,-2.60193e-17) (2.67433e-17,-0.091515) (-5.7767e-17,-4.82688e-16) (2.11013e-16,-5.39514e-16) (-9.96388e-18,0.0214504) (1.17924e-17,0.195698) (1.54237e-17,1.33422) (-2.03602e-16,8.48542e-15) (7.31612e-17,8.31726e-15) (5.83692e-17,-0.038762) (-7.30766e-17,-2.73631)
 (2.18343,1.42253e-16) (-2.87999e-17,-0.091515) (4.91894e-17,-4.11497e-16) (-1.34857e-16,-5.75144e-16) (-2.60183e-17,-0.0214504) (-1.61356e-17,0.195698) (5.30593e-17,1.33422) (-1.41124e-16,8.23399e-15) (-8.90805e-17,8.54961e-15) (4.55141e-17,0.038762) (6.78911e-17,-2.73631)
 (0.820077,-1.04126e-17) (-2.44274e-17,1.76945e-17) (-1.32872e-16,-1.1269e-17) (-2.78629e-16,2.39964e-18) (-0.00118388,-1.05506e-17) (-0.257173,3.31503e-17) (-3.31442e-17,-2.28228e-17) (-4.97568e-17,8.69798e-17) (1.14625e-17,6.23449e-18) (0.0917106,7.4806e-18)
 (0.812602,-2.62918e-18) (0.00809157,1.4746e-17) (2.07135e-16,5.09662e-18) (-2.58859e-16,-1.31968e-17) (-6.93435e-17,-4.21739e-17) (-0.187337,1.06523e-16) (-0.0714087,1.84451e-17) (-5.5219e-17,3.77858e-17) (1.16661e-15,2.36897e-17)
 (0.812602,1.41139e-18) (-1.82259e-16,-3.48467e-18) (-3.48086e-16,-1.16738e-17) (-1.40978e-16,-1.23028e-16) (-0.0714087,7.68699e-17) (-0.187337,7.55076e-17) (6.734e-18,-1.52494e-16) (9.72142e-16,2.22258e-18)
 (0.808072,3.11065e-18) (1.47555e-16,2.18527e-18) (-3.32203e-16,1.01916e-16) (-1.73524e-17,-2.57525e-16) (-3.75812e-18,-1.70492e-17) (-0.0512271,-2.05059e-17) (4.30237e-16,1.22508e-17)
 (0.823127,-3.61174e-18) (0.0906851,2.78631e-17) (1.19279e-15,-4.98191e-17) (1.20955e-15,4.41272e-17) (1.50638e-17,-5.41558e-17) (-0.452833,-9.3254e-18)
 (1.97234,1.55556e-17) (3.34851e-15,1.7609e-16) (3.57418e-15,5.55263e-17) (1.63371e-16,-1.03512e-17) (-1.78598,-1.20096e-17)
 (0.93619,-2.03805e-17) (0.168792,-3.77303e-17) (-5.69213e-17,-5.7208e-17) (-1.34383e-14,-3.1919e-16)
 (0.93619,2.01654e-17) (1.01322e-16,-6.24448e-17) (-1.33395e-14,-1.59595e-16)
 (0.753363,-2.36728e-17) (-2.95962e-16,-2.25152e-17)
 (4.80099,-4.16301e-17)
