18 (0.243027,4.46828e-31) (0.245457,8.38291e-31) (2.82761e-17,-5.92215e-15) (-1.50335e-17,3.11237e-31) (5.77711e-17,3.70558e-31) (-1.80413e-17,4.46408e-15) (9.56417e-17,1.05699e-30) (-2.22223e-16,-1.17712e-30) (-0.0615141,6.49389e-31) (1.21529e-17,2.34762e-31) (4.17201e-17,-3.84355e-32) (-1.04109e-16,-1.95674e-31) (-2.1895e-17,-1.70637e-31) (0.424314,1.37898e-30) (2.5165e-18,-2.52711e-31) (1.01829e-16,-7.79594e-31) (-1.11646e-16,-1.30918e-31) (-1.06117e-16,-1.84958e-32)
 (1.48909,1.97061e-31) (-9.21326e-17,-1.598e-14) (-6.07488e-17,4.68374e-31) (6.3118e-17,1.06313e-31) (-1.84035e-16,2.12625e-14) (5.99638e-17,1.71338e-30) (3.06162e-17,3.5745e-31) (-0.357927,1.11126e-31) (-4.48667e-17,1.51566e-31) (-1.0568e-17,-1.22295e-31) (1.43029e-16,1.45218e-31) (-7.81123e-17,-1.17871e-31) (2.74149,-7.49244e-31) (3.19745e-16,1.17155e-31) (6.52585e-17,1.542e-31) (5.51764e-16,-7.08884e-31) (-2.57903e-16,-4.80812e-31)
 (2.27576,7.86275e-32) (4.14615e-18,-1.31733e-31) (-1.17119e-16,3.25483e-32) (-1.13459,-2.0004e-30) (2.46572e-17,1.52524e-31) (-1.56075e-16,-4.82275e-31) (-1.48526e-16,-2.44172e-15) (-7.96468e-18,-6.85065e-31) (5.82126e-17,-2.51576e-33) (5.82189e-17,3.04174e-30) (1.11144e-16,1.1524e-18) (-3.24587e-16,3.77747e-14) (9.7638e-17,-6.8024e-31) (1.33864e-17,-2.16081e-31) (-2.78036e-17,1.8723e-30) (-9.12357e-17,-2.30907e-17)
 (0.382529,-1.03231e-31) (2.32548e-16,-2.85033e-32) (3.4631e-17,1.81719e-31) (0.115973,-2.46525e-31) (1.38446e-17,-4.06756e-31) (1.23801e-17,1.92733e-33) (2.57983e-17,3.03433e-16) (7.37935e-17,1.12768e-18) (-5.04736e-18,2.71268e-31) (1.33219e-16,9.10972e-32) (5.87574e-17,-9.83127e-31) (-1.43142e-16,1.23791e-16) (3.68087e-17,-2.27621e-17) (4.23702e-17,3.43607e-31) (-1.94374e-16,-6.96415e-31)
 (0.382529,1.96832e-31) (-6.37266e-17,1.53459e-30) (5.35257e-17,-2.74255e-31) (0.115973,1.95683e-31) (3.69268e-17,-1.40495e-31) (1.24751e-16,1.12768e-18) (7.78251e-17,3.03433e-16) (-6.25529e-17,7.05372e-31) (1.57903e-16,3.2529e-31) (1.91991e-16,4.99039e-31) (5.52401e-17,-2.27621e-17) (-1.00274e-16,1.23791e-16) (-3.16883e-17,-2.29514e-31) (-1.56095e-16,2.83492e-31)
 (0.814362,-4.20041e-31) (1.44948e-16,-1.08149e-30) (-2.54487e-16,1.49454e-30) (1.36886e-16,4.684e-15) (-4.34477e-17,6.90989e-31) (2.13262e-16,1.23498e-30) (1.43522e-16,-2.04674e-30) (-4.7109e-17,-2.73081e-18) (1.05562e-17,-4.84203e-14) (8.80701e-19,3.62984e-30) (-7.81854e-17,1.03821e-30) (-5.55603e-18,-7.51743e-30) (2.08006e-16,4.5206e-17)
 (0.335308,1.68863e-30) (-2.02715e-16,-8.25819e-31) (4.20694e-17,-1.59844e-31) (-8.00252e-18,1.06373e-16) (1.07146e-16,-2.72769e-18) (-2.44587e-17,-1.29799e-31) (9.31315e-17,3.64385e-31) (1.9129e-17,-1.03517e-30) (-1.72515e-16,-1.21977e-16) (-7.48311e-18,4.5025e-17) (8.70012e-17,5.73025e-31) (7.63043e-17,2.88424e-30)
 (0.335308,1.27568e-30) (1.63664e-16,4.54579e-32) (-4.58887e-17,-2.72769e-18) (-1.0403e-17,1.06373e-16) (1.07239e-16,9.89738e-31) (1.21018e-16,9.24504e-32) (1.9697e-16,1.24392e-31) (-1.23077e-17,4.5025e-17) (-2.41132e-17,-1.21977e-16) (-3.13395e-16,9.79993e-31) (-1.91616e-16,-6.16313e-32)
 (0.867804,-1.72906e-32) (-2.3068e-18,1.79281e-31) (-1.20654e-16,1.04123e-31) (-3.30419e-16,-4.53137e-32) (8.3537e-17,2.06308e-32) (-0.869554,1.36138e-30) (-9.81469e-18,3.38447e-32) (-1.4281e-17,6.26488e-31) (-1.65627e-16,4.96944e-32) (-2.83121e-17,-6.85568e-32)
 (0.802783,1.6958e-32) (-3.19231e-16,3.10377e-32) (2.11454e-16,1.75501e-31) (-1.75935e-16,3.52683e-32) (-1.39817e-16,-1.36578e-31) (-0.0258346,-1.11934e-30) (2.14113e-16,-1.82289e-31) (-2.98327e-17,7.22567e-31) (2.23465e-16,-2.63465e-31)
 (0.802783,-5.96949e-32) (-1.98994e-16,4.69198e-32) (-2.82746e-16,-3.46186e-32) (8.95852e-17,1.43474e-31) (9.84964e-18,6.76e-32) (-0.0258346,-1.427e-31) (4.66971e-17,-3.6263e-31) (-1.75446e-16,3.69869e-32)
 (0.80889,1.46019e-32) (1.77626e-16,4.69929e-32) (5.92269e-16,2.1956e-31) (4.06648e-17,-2.14643e-30) (-8.08538e-17,2.18382e-30) (-0.143589,5.02792e-31) (9.9584e-17,-3.10843e-31)
 (0.813012,-3.26446e-32) (-2.21137e-16,-1.40593e-31) (-7.73475e-17,-7.43403e-32) (-6.9411e-17,6.74103e-32) (-6.75462e-17,-3.77113e-31) (-0.116711,-1.55622e-31)
 (6.82938,-1.83502e-31) (-1.87978e-16,-2.7536e-30) (1.37859e-16,-1.72897e-30) (2.39349e-16,2.49627e-30) (2.16491e-17,-9.89687e-32)
 (0.645947,-4.37645e-31) (1.17189e-16,1.09698e-30) (1.62935e-17,-6.03178e-31) (-1.32489e-16,-8.25863e-31)
 (0.645947,1.7558e-31) (3.89981e-18,-7.95061e-31) (-1.03087e-17,-7.14962e-31)
 (0.707883,1.12265e-32) (-9.01175e-17,3.70043e-31)
 (0.952358,-2.21824e-31)
