18 (3.45089,0) (-1.56065,0) (9.89682e-17,0) (1.41196e-16,0) (1.91778e-16,0) (4.30961e-17,0) (-5.0095e-17,0) (-1.32017e-16,0) (2.04763e-16,0) (-1.65517e-17,0) (-6.62259e-17,0) (8.96526e-16,0) (-1.02723e-16,0) (-4.06073e-16,0) (-2.78515e-16,0) (9.22933e-17,0) (-1.50247e-15,0) (-5.93072e-17,0)
 (1.84199,0) (-4.52652e-18,0) (1.09897e-16,0) (-1.58132e-17,0) (2.25798e-16,0) (1.63039e-16,0) (1.41619e-16,0) (-1.33821e-16,0) (-3.23456e-17,0) (1.11052e-16,0) (-3.45e-16,0) (1.04362e-16,0) (2.57502e-16,0) (-3.76025e-17,0) (6.61254e-17,0) (4.17428e-16,0) (1.82731e-16,0)
 (0.227043,0) (1.18421e-16,0) (1.15171e-16,0) (-0.142045,0) (-1.28648e-16,0) (-8.06137e-17,0) (-1.03206e-16,0) (7.41677e-17,0) (-5.68348e-17,0) (-1.14885e-17,0) (-1.74149e-18,0) (-4.11114e-18,0) (2.34355e-16,0) (5.43675e-17,0) (1.71654e-19,0) (-3.46411e-17,0)
 (0.227043,0) (1.59039e-16,0) (-3.0419e-17,0) (-0.142045,0) (-9.37103e-17,0) (3.05578e-18,0) (-1.50412e-16,0) (-7.53791e-17,0) (-9.13496e-17,0) (1.03295e-16,0) (5.70088e-17,0) (1.88625e-16,0) (-2.17374e-17,0) (9.81159e-17,0) (1.10938e-16,0)
 (0.227043,0) (1.51812e-16,0) (2.61691e-16,0) (-0.142045,0) (6.17143e-17,0) (-4.01831e-17,0) (1.03114e-16,0) (-6.3271e-17,0) (1.66305e-16,0) (-1.03788e-16,0) (-2.93285e-17,0) (-5.40856e-17,0) (8.04213e-17,0) (1.97788e-16,0)
 (0.471958,0) (1.72705e-16,0) (8.42166e-17,0) (1.66648e-16,0) (-2.46228e-17,0) (-1.45935e-16,0) (-1.37096e-16,0) (-9.64931e-18,0) (3.08727e-17,0) (-4.1153e-17,0) (-4.46629e-18,0) (1.0026e-16,0) (-3.01135e-16,0)
 (0.471958,0) (1.6504e-16,0) (-6.89585e-17,0) (-1.41824e-17,0) (6.46187e-17,0) (-1.12904e-16,0) (1.45498e-16,0) (-1.28333e-16,0) (-1.50851e-16,0) (-2.27047e-18,0) (-9.33022e-17,0) (5.54985e-17,0)
 (0.471958,0) (3.76187e-17,0) (-5.39411e-18,0) (-2.62322e-17,0) (9.17097e-17,0) (1.25247e-16,0) (-1.58693e-16,0) (7.52996e-17,0) (-3.71324e-17,0) (-1.66806e-16,0) (3.73847e-17,0)
 (0.81114,0) (-1.4006e-17,0) (-1.39672e-16,0) (-3.14459e-16,0) (6.39198e-17,0) (-0.240576,0) (-2.12001e-17,0) (4.48611e-17,0) (-4.94014e-18,0) (-1.08566e-17,0)
 (0.803522,0) (-3.5922e-16,0) (2.01008e-16,0) (-1.89691e-16,0) (-9.15123e-17,0) (-0.119725,0) (-1.80319e-16,0) (8.4226e-17,0) (1.54997e-16,0)
 (0.803522,0) (-1.65507e-16,0) (-2.74032e-16,0) (1.0677e-16,0) (5.64705e-17,0) (-0.119725,0) (-1.21247e-16,0) (-7.8952e-17,0)
 (0.81114,0) (1.66737e-16,0) (-7.98819e-18,0) (-5.54498e-17,0) (3.27973e-17,0) (-0.240576,0) (3.66462e-17,0)
 (0.803522,0) (-9.28767e-17,0) (8.82643e-17,0) (4.12861e-17,0) (7.74125e-17,0) (-0.119725,0)
 (0.657268,0) (4.61545e-17,0) (-6.85115e-17,0) (3.88662e-16,0) (-5.8148e-17,0)
 (0.476877,0) (-1.91595e-16,0) (3.37428e-17,0) (-2.48712e-16,0)
 (0.476877,0) (8.97235e-17,0) (-1.76842e-16,0)
 (0.657268,0) (-8.82825e-17,0)
 (0.476877,0)
