18 (0.204552,6.88801e-18) (0.205887,5.61256e-17) (2.78972e-17,-8.79157e-16) (1.8792e-17,9.19862e-16) (-7.02756e-17,4.13293e-16) (-8.69942e-17,6.13072e-16) (6.39644e-17,-5.10042e-16) (4.3196e-17,-6.71524e-16) (-0.00221022,-1.99492e-17) (4.47177e-18,-3.22679e-18) (-1.31284e-16,6.22396e-18) (-0.00382822,9.56121e-18) (-2.26843e-16,2.5366e-17) (-0.000465714,-2.39415e-17) (2.37198e-17,3.29229e-17) (1.0672e-15,2.32793e-17) (-0.00080664,2.88757e-18) (1.35819e-15,9.00919e-17)
 (1.64063,-3.3927e-17) (-4.55117e-17,-4.48812e-15) (2.9667e-17,4.30742e-15) (-1.29952e-17,5.58175e-16) (9.8305e-17,3.85202e-15) (-3.89717e-17,-3.64095e-15) (-1.46638e-18,-1.66016e-15) (-0.0919444,-3.4077e-17) (-6.63128e-17,1.86905e-17) (-1.09101e-15,8.33362e-17) (-0.159252,3.54394e-17) (-1.20788e-15,-6.83992e-17) (0.31804,1.61554e-17) (1.24658e-16,5.36496e-17) (9.77785e-15,-7.30368e-17) (0.550862,6.0524e-17) (9.92263e-15,1.7547e-17)
 (1.16747,-2.74064e-17) (-1.56405e-17,2.59468e-17) (3.43796e-15,9.74827e-17) (-0.203382,1.98596e-16) (6.97676e-17,-1.07281e-17) (-2.12156e-15,-8.20911e-17) (-1.42509e-16,-6.38714e-16) (-1.87585e-17,-4.21526e-16) (7.46315e-17,-0.179077) (6.92167e-17,2.78886e-16) (1.77132e-17,-5.0267e-17) (-2.66874e-17,7.21356e-15) (4.08239e-17,2.24819e-15) (-1.05744e-17,1.0162) (1.75174e-17,-2.68064e-15) (2.7113e-19,7.20748e-17)
 (1.16747,-1.59978e-17) (3.71794e-15,-5.20648e-17) (-1.35364e-16,-5.04092e-17) (-0.203382,3.39045e-17) (-2.34283e-15,-1.06141e-16) (-2.97959e-17,-5.44485e-16) (4.75907e-17,4.65922e-16) (1.07627e-16,1.90019e-17) (2.30879e-17,2.55538e-16) (7.80603e-17,0.179077) (-9.21643e-17,5.50813e-15) (-1.17355e-17,-2.31042e-15) (-4.4073e-17,-6.88124e-17) (1.05039e-16,-4.43701e-15) (-3.30462e-17,-1.0162)
 (0.719132,-6.27324e-18) (-2.1314e-15,-1.28256e-16) (-2.43906e-15,-1.42287e-16) (-0.172584,1.46192e-17) (8.41504e-17,-0.160189) (3.82181e-17,6.79539e-19) (5.20213e-17,-3.46175e-16) (-6.67269e-17,0.0924852) (8.61284e-17,3.25189e-16) (1.0709e-17,0.875801) (-5.04146e-18,-9.81908e-17) (7.42832e-17,3.82042e-15) (-6.32156e-18,-0.505644) (-7.49985e-17,-3.82991e-15)
 (0.356479,-4.91457e-17) (3.96001e-16,-5.11542e-17) (2.33848e-16,1.21811e-16) (1.54125e-16,9.55496e-16) (-5.12669e-17,1.49167e-16) (1.24187e-16,0.0389752) (6.98091e-18,-6.82497e-17) (7.43492e-17,8.57238e-17) (-7.61777e-17,-4.28331e-15) (-1.80391e-16,-5.89025e-16) (-2.06131e-17,-0.152808) (-5.11026e-17,4.44627e-16) (-8.95012e-17,-2.69629e-18)
 (0.356479,7.57599e-17) (7.60953e-16,5.28745e-17) (4.85706e-17,5.08599e-16) (-7.40547e-18,-1.42348e-16) (3.69984e-17,5.31896e-17) (2.87729e-17,-6.52915e-16) (-3.26447e-19,-0.0389752) (1.75298e-16,-2.06249e-15) (-5.80354e-17,7.54108e-16) (2.80804e-17,-7.10396e-17) (8.78961e-17,2.97515e-15) (5.17824e-18,0.152808)
 (0.369142,-1.71039e-18) (-9.18929e-18,0.0273454) (3.37458e-17,-5.1103e-17) (-5.84061e-17,3.7148e-16) (-3.6361e-17,-0.0157879) (4.24879e-18,-1.52485e-16) (-2.24223e-17,-0.0985893) (5.27457e-17,5.68701e-17) (6.69581e-17,-1.50553e-15) (8.03617e-17,0.0569206) (-1.72545e-16,1.6018e-15)
 (0.838125,1.81425e-18) (-7.6819e-18,3.64965e-18) (-9.94471e-17,2.29196e-17) (-0.0151138,-5.40566e-18) (6.7969e-17,4.8423e-18) (-0.437165,3.5916e-17) (3.09481e-17,2.85829e-17) (-7.49191e-16,-6.24037e-17) (0.180979,4.36993e-17) (4.28496e-16,-1.3488e-16)
 (0.802829,9.34137e-19) (-2.75748e-16,5.42425e-18) (2.12908e-16,3.51072e-18) (-1.40085e-16,-9.99294e-18) (-3.47625e-17,7.33957e-17) (-0.0230702,-7.4216e-18) (-4.83626e-16,4.7511e-17) (-5.14868e-17,-3.39101e-17) (-4.48307e-16,-2.53185e-17)
 (0.819407,2.69984e-18) (-1.81435e-16,8.74907e-18) (-2.88033e-16,1.72017e-17) (-5.86542e-16,4.979e-17) (-5.23409e-16,-1.57024e-17) (-0.286743,-5.42639e-17) (7.05061e-17,1.40879e-16) (2.10656e-17,-3.44028e-17)
 (0.820673,-5.52847e-18) (1.89281e-16,-1.71129e-17) (0.180979,-1.64871e-16) (2.58877e-17,3.3105e-17) (3.26171e-18,1.56778e-17) (-0.228188,6.07476e-17) (-5.5059e-16,1.56578e-16)
 (0.819407,7.89735e-18) (3.81679e-16,6.39247e-17) (-5.73647e-16,-1.31164e-17) (2.86006e-17,-3.77283e-17) (-4.98187e-16,-1.59621e-17) (-0.286743,-4.97893e-17)
 (2.20151,-5.16771e-17) (-1.52349e-16,1.01825e-16) (8.93485e-15,-5.83325e-17) (-0.717315,9.2397e-17) (-5.4455e-15,-6.93651e-17)
 (0.53146,-3.61462e-17) (2.79826e-15,1.309e-17) (1.60565e-16,1.6903e-17) (2.54251e-15,8.75766e-17)
 (1.57262,4.51928e-19) (-1.2186e-15,-2.57653e-17) (1.18929e-16,7.43329e-18)
 (1.37322,-2.10207e-17) (6.82137e-15,6.40373e-17)
 (1.57262,-1.41593e-17)
