18 (0.260301,-6.75187e-17) (0.527078,-5.20417e-18) (-1.08247e-17,0.148088) (-6.63013e-17,-0.566445) (-1.3091e-17,-0.148088) (2.31438e-17,-0.172386) (4.78014e-17,0.537268) (1.5198e-17,0.172386) (0.0624228,4.53332e-18) (0.0999048,-2.0837e-18) (0.0647457,1.45351e-18) (-0.108119,-9.96788e-18) (-0.0999048,3.38813e-19) (-0.340496,8.23994e-18) (-0.49949,6.85758e-17) (-0.245418,3.11708e-18) (0.589756,-7.04731e-17) (0.49949,4.44523e-18)
 (1.24145,-4.49944e-18) (7.7556e-19,0.113504) (5.42871e-17,-1.06073) (1.53882e-17,-0.113504) (1.18927e-17,-0.305396) (6.43012e-17,1.06857) (-2.3811e-17,0.305396) (0.127383,-5.36002e-18) (0.229794,-1.36881e-18) (0.250264,1.31798e-18) (-0.220634,3.96411e-19) (-0.229794,7.58942e-18) (-0.614484,-2.87314e-17) (-1.07089,-1.53957e-17) (-0.724946,1.98409e-17) (1.06432,-6.20164e-17) (1.07089,6.72205e-18)
 (0.542139,-2.7421e-17) (-0.585042,-5.96311e-19) (-0.415566,-2.07964e-17) (-0.200427,-6.09254e-17) (0.507652,2.24972e-17) (0.234325,-1.98273e-17) (1.09278e-18,-0.0882988) (-8.97881e-18,0.00471988) (-1.0203e-17,0.139145) (9.4388e-19,0.190584) (1.13503e-18,0.0239477) (-3.50124e-17,0.452559) (-1.50409e-16,0.278115) (1.77519e-17,-0.277345) (-4.96728e-17,-0.746145) (1.19357e-17,-0.261165)
 (1.79572,7.92145e-17) (0.585042,3.21534e-17) (0.507652,2.24972e-17) (-1.39038,-2.04372e-17) (-0.507652,1.37965e-17) (2.424e-18,0.136611) (6.85411e-18,0.242023) (-5.96305e-19,0.0239477) (5.59636e-19,-0.236617) (2.35121e-18,-0.242023) (-1.03681e-17,-0.958467) (-2.90178e-17,-1.21495) (-1.58199e-17,-0.261165) (-5.3142e-17,1.66011) (1.39554e-17,1.21495)
 (0.542139,1.57006e-17) (0.234325,-1.98273e-17) (-0.507652,1.37965e-17) (-0.200427,2.74574e-17) (-3.56739e-19,0.120901) (-5.96305e-19,0.0239477) (1.812e-18,-0.139145) (-9.90361e-18,-0.171761) (-1.08953e-18,0.00471988) (-1.47251e-17,-0.419902) (-1.58199e-17,-0.261165) (-3.83158e-18,0.277345) (1.50969e-17,0.765) (1.64506e-17,0.278115)
 (0.18815,1.47994e-17) (-0.429744,-7.37257e-17) (-0.151692,2.38524e-18) (-5.95762e-18,0.111492) (3.68152e-18,0.0646428) (1.12511e-17,0.00576589) (-3.21901e-18,-0.0878902) (-2.02542e-18,-0.0468446) (-5.93945e-17,-0.315312) (2.56502e-17,-0.354882) (3.7176e-17,-0.0480999) (3.88146e-17,0.527224) (-3.05706e-18,0.346783)
 (1.34349,-1.05384e-16) (0.429744,5.85469e-18) (2.72597e-19,-0.190659) (-4.03933e-18,-0.181546) (-2.03897e-18,-0.0468446) (8.07475e-18,0.330231) (-3.53856e-18,0.181546) (5.85921e-17,0.886496) (-4.2219e-17,1.10255) (-3.16548e-18,0.346783) (-2.75187e-17,-1.53546) (9.02028e-18,-1.10255)
 (0.18815,-4.77049e-18) (-3.28292e-18,-0.0203692) (-2.03897e-18,-0.0468446) (-9.968e-18,-0.00576589) (-1.06054e-17,0.1405) (8.81896e-18,0.0646428) (-1.43808e-17,0.298934) (-3.16548e-18,0.346783) (-3.57141e-17,0.0480999) (-4.20493e-18,-0.53668) (-2.62608e-17,-0.354882)
 (0.972804,9.78958e-19) (0.0199074,-1.6263e-19) (0.00909659,-5.35325e-19) (-0.0775833,-1.11893e-18) (0.016134,-7.40307e-19) (-0.225344,2.06676e-18) (-0.100349,-4.68917e-18) (0.0176498,7.7927e-18) (0.233515,-4.27582e-18) (0.0824337,-1.12486e-18)
 (0.951843,-4.15173e-18) (0.0388216,8.19293e-19) (0.00713646,-3.87518e-19) (-0.0446676,-1.47638e-18) (-0.100349,-4.68917e-18) (-0.286867,-1.4569e-18) (-0.137825,-1.38913e-18) (0.153123,7.41323e-18) (0.206873,3.17129e-18)
 (1.09248,-3.87147e-18) (-0.0157558,5.61159e-20) (-0.0388216,-1.35398e-18) (0.0176498,7.7927e-18) (-0.137825,-1.38913e-18) (-0.376713,8.67023e-18) (-0.0305704,3.48639e-18) (0.137825,2.54788e-18)
 (1.06239,1.00797e-19) (0.0136721,-5.03985e-20) (0.233515,-4.27582e-18) (0.153123,7.41323e-18) (-0.0305704,3.48639e-18) (-0.494983,-3.8828e-18) (-0.163466,1.40946e-18)
 (0.951843,1.98036e-18) (0.0824337,-1.12486e-18) (0.206873,3.17129e-18) (0.137825,2.54788e-18) (-0.163466,1.40946e-18) (-0.286867,1.6507e-17)
 (0.689536,-1.09288e-16) (0.690871,-8.2833e-17) (0.0879731,-1.19262e-18) (-1.07985,8.45678e-18) (-0.672823,-6.07153e-18)
 (1.10344,1.06252e-17) (0.542267,1.24683e-17) (-1.17578,3.88144e-17) (-1.04989,-1.06252e-17)
 (0.837612,3.11708e-17) (-0.152374,1.76725e-17) (-0.542267,-3.90313e-18)
 (1.93644,6.46184e-17) (1.1862,9.97466e-18)
 (1.10344,3.90313e-17)
