18 (0.397349,-2.26446e-31) (0.701583,-4.4683e-31) (-7.10355e-17,-6.11322e-15) (-8.20388e-17,6.10859e-15) (-7.16852e-17,6.11322e-15) (-9.30667e-17,7.74575e-15) (-7.35171e-17,-7.73235e-15) (6.66156e-17,-7.74575e-15) (-1.16738e-17,-2.00111e-31) (0.0820307,5.6432e-31) (0.0820307,-1.15929e-33) (1.28423e-16,-2.77713e-31) (-0.0820307,1.29043e-31) (-2.51666e-16,-1.44806e-30) (-0.845441,1.81787e-34) (-0.845441,9.98688e-31) (7.22559e-17,-6.59523e-31) (0.845441,-1.07231e-30)
 (1.99193,-1.23385e-32) (3.27693e-17,-4.53137e-15) (-4.92609e-17,4.53678e-15) (-2.23213e-17,4.53137e-15) (-2.09503e-17,1.0637e-14) (-1.04895e-16,-1.06553e-14) (9.82541e-17,-1.0637e-14) (-4.63011e-17,4.5834e-32) (0.232826,5.85145e-32) (0.232826,3.88233e-31) (2.77308e-16,-7.93461e-32) (-0.232826,-3.56681e-31) (1.16892e-16,1.49162e-30) (-2.06537,1.60145e-31) (-2.06537,-4.99613e-31) (2.96601e-17,-3.82076e-31) (2.06537,-5.17772e-31)
 (1.29903,-1.04097e-31) (-1.04975,-3.69008e-31) (-1.04975,4.94579e-31) (-0.96568,1.89012e-30) (0.899532,4.6377e-31) (0.899532,4.26723e-31) (-9.78394e-17,3.94279e-17) (-3.287e-17,3.14845e-16) (3.41297e-17,3.15248e-16) (1.24394e-18,6.67002e-21) (-1.57348e-17,-3.84657e-16) (1.03841e-16,1.52886e-16) (-1.79378e-16,-1.0481e-14) (8.27746e-17,-1.04857e-14) (1.6649e-17,-1.88993e-17) (8.44064e-17,9.86947e-15)
 (1.29903,4.32949e-31) (1.04975,-4.5452e-31) (0.899532,5.57777e-31) (-0.96568,-3.14314e-31) (-0.899532,2.28038e-31) (-5.02057e-17,1.88678e-17) (5.21986e-17,-3.16272e-16) (9.14389e-17,-3.8465e-16) (7.10909e-17,-3.26801e-17) (8.09605e-17,3.16272e-16) (1.87982e-16,7.6853e-17) (-6.50797e-17,1.04807e-14) (-2.34725e-17,9.86938e-15) (9.83075e-17,-1.33113e-16) (5.11831e-18,-1.04807e-14)
 (1.29903,2.5345e-31) (0.899532,-5.54581e-32) (-0.899532,2.95831e-31) (-0.96568,1.78716e-31) (1.57422e-16,1.97197e-17) (-1.63993e-18,-3.84657e-16) (1.98204e-17,-3.15248e-16) (-9.31853e-18,3.41422e-17) (6.86185e-17,3.14845e-16) (1.8115e-16,6.00757e-17) (-1.06789e-17,9.86947e-15) (4.2624e-17,1.04857e-14) (-1.08458e-16,1.41853e-16) (2.3447e-17,-1.0481e-14)
 (1.03611,6.30001e-31) (-0.724711,-3.75978e-31) (-0.724711,4.3019e-30) (-1.19473e-16,-2.06094e-16) (-2.34304e-17,-1.30408e-15) (1.11726e-16,-1.30446e-15) (1.67429e-16,-7.62196e-19) (3.38813e-17,1.12067e-15) (1.86594e-16,-2.07351e-16) (5.83325e-16,2.00858e-14) (2.25438e-16,2.00725e-14) (1.15887e-16,6.21831e-17) (-3.74688e-17,-1.9905e-14)
 (1.03611,9.1235e-31) (0.724711,-6.53175e-31) (6.73274e-17,-1.01643e-16) (-5.89605e-17,1.30367e-15) (1.71819e-16,1.12066e-15) (-1.05015e-16,1.7605e-16) (1.20454e-16,-1.30367e-15) (4.34067e-17,-8.75975e-17) (2.21244e-16,-1.99883e-14) (-1.27182e-16,-1.99048e-14) (1.87685e-16,1.51723e-16) (1.42218e-16,1.99883e-14)
 (1.03611,6.28804e-31) (-2.43418e-17,-1.03707e-16) (-3.9709e-17,1.12067e-15) (-1.39804e-16,1.30446e-15) (3.80153e-17,-1.78102e-16) (-1.57003e-17,-1.30408e-15) (2.24673e-16,-4.98232e-17) (1.1866e-16,-1.9905e-14) (-8.5142e-18,-2.00725e-14) (3.18233e-17,-2.10662e-16) (-1.95094e-16,2.00858e-14)
 (0.8072,3.28115e-32) (-1.20065e-06,-1.57931e-32) (-1.20065e-06,7.09094e-32) (-2.95174e-16,-6.78047e-32) (-2.4013e-06,4.25619e-32) (-0.0405096,-8.54655e-31) (-0.00119597,-9.55098e-32) (-0.00119597,-2.71943e-31) (6.88392e-17,-3.03928e-31) (-0.00239193,1.09622e-30)
 (0.824447,3.72013e-33) (0.0172813,-1.03561e-31) (-2.07959e-06,7.07527e-32) (-0.0172813,7.11614e-32) (-0.00338854,2.26176e-33) (-0.446405,-9.67574e-31) (-0.298254,-4.02538e-32) (-0.00586912,1.79457e-31) (0.298254,-2.50374e-31)
 (0.824447,-3.43143e-32) (2.07959e-06,2.90948e-32) (-0.0172813,-3.75601e-33) (-0.00338854,8.05439e-31) (-0.298254,-1.71983e-31) (-0.446405,-5.18074e-31) (0.00586912,5.70748e-32) (0.298254,-2.24156e-31)
 (0.8072,4.50999e-33) (1.36325e-16,9.01816e-32) (-1.31658e-16,2.09539e-31) (-0.00207147,-6.20234e-32) (0.00207147,1.11549e-30) (-0.0405096,-7.39442e-31) (4.1964e-16,-1.19794e-30)
 (0.824447,1.68035e-32) (-0.00677708,-6.10921e-31) (0.298254,3.08166e-33) (0.298254,-1.54066e-31) (-9.44337e-17,1.8644e-31) (-0.446405,-9.08842e-32)
 (0.725791,3.94485e-31) (0.0189011,-8.79073e-32) (0.0189011,-1.46702e-30) (-1.40656e-17,1.47853e-30) (0.0378023,2.224e-31)
 (4.22751,2.15639e-31) (3.47462,-9.83978e-32) (0.0327378,4.92979e-31) (-3.47462,1.40508e-30)
 (4.22751,1.22937e-30) (-0.0327378,-9.98577e-31) (-3.47462,-4.80681e-31)
 (0.725791,2.36086e-31) (-5.5423e-17,1.3805e-30)
 (4.22751,-3.64837e-30)
