7 (index of k points)
0 0 1.000000000000002442490654
10 (number of bands)
18 (number of orbitals)
1 (band)
6.7686402896032582532370725e-01 (Ry)
9.3750000000000000000000000e-02 (Occupations)
-1.9329652568237662424444068e-01 5.2107267113496288565925965e-30 -1.0594497413020513565395930e-01 -2.9729258295141824864139010e-29 -9.6553136189312130262773999e-17 -9.7201556797049791849316778e-16 -2.4725325550092623115463533e-15 -5.7322285573461824939191976e-27 -9.8606059388934730876721909e-17 7.7237401588665446502760695e-27 
2.2074192274952312615609131e-16 -4.1976994680510556794937644e-16 -5.4604071219503136752579490e-16 1.2467717114450715261562333e-26 -6.1721979835355571939921942e-16 -1.6092838661583141567678625e-26 8.6034405770801047896867431e-01 5.3424414877589289825531238e-30 -7.9703089167141133792659437e-17 7.7048829478303081751150590e-30 
5.9036441824404215338139144e-16 9.6219405195641388469371567e-30 1.4241661764235514943336946e-15 3.4428288160678945266808459e-30 -3.3350548101187641426808722e-15 -1.0527825705516661937002517e-30 4.5007019383385173105782684e-02 1.2140899235851066431094251e-29 3.8542750932520793848978796e-17 4.9134933518984718860649424e-30 
2.0038951956067803788713905e-16 -1.4307143664421526743923555e-29 2.0650219754349658892355180e-15 1.7421696211940194480542281e-29 -2.8785718440807863545839689e-16 1.9625566667223790676065238e-30 
2 (band)
7.0741347719320157860778409e-01 (Ry)
9.3750000000000000000000000e-02 (Occupations)
5.6988102043676981715733463e-16 -1.0378830718525654410675021e-30 4.6504395176689631371497757e-16 5.7153794238602078760472591e-31 2.1893136351885731145887836e-16 -2.4037100084261710824775057e-16 6.0223446003086103901695495e-16 1.3376620793985862975286922e-16 -1.0341302473813801522442462e-16 -3.8110164088817619625682347e-16 
1.3049906736875064959425893e-16 -6.1170368296204558223239373e-17 -2.1406983097017641974782027e-16 3.6782540639570897396177284e-17 7.4888956785186520019163333e-16 -9.1883306747773348699884414e-17 -3.0597984432299428822114595e-15 -5.0354557755815388206605681e-30 -1.9871883540204691981376332e-15 -2.5272218413404938211692267e-16 
-1.6438059997531404872128415e-15 3.3567936936468929090958202e-15 6.2132953138102220984290326e-15 -9.4612294973373690308668163e-16 -9.3782661571219871898819065e-01 -1.5132251030167074747637163e-15 -2.0157261068674095109869956e-16 -7.0123332065353098735809787e-32 -4.0302737688189991231610488e-16 6.7316265997159969218233563e-17 
-1.2352508672735011693000305e-16 1.5409967433815702927523211e-16 2.4316345922747779375061610e-16 -3.3479395541244432884858327e-17 -4.2952818345574288183552625e-02 -6.7141608422496406655120613e-17 
3 (band)
9.0439859280012557807282292e-01 (Ry)
9.3750000000000000000000000e-02 (Occupations)
1.0096090884802259565770931e-15 4.6397593014498627582362059e-29 -1.0741604937666145147931476e-16 -2.8610858484315033488551269e-29 -5.1300240762602399473572984e-16 -6.2170323320157456492967332e-16 -1.1793363568828603237400924e-15 2.3904144648549753278680158e-16 2.5993265202550768042768848e-15 -3.2081710778633203699822500e-16 
-7.8142243310940702096882409e-16 -1.8064928419372421863537040e-16 7.8371047778268049706201655e-16 1.6663803259846856780051491e-16 -1.2410472009518202729502966e-15 -2.1862000833750913310964869e-16 -9.0020723066227120668971812e-16 -2.5612446559843892375340341e-30 -6.6472794643127456306008739e-14 2.6275043931672694707180951e-14 
-5.7838859189518878296530617e-14 -6.9182838199413796075909666e-14 1.0636558359400063444866191e+00 4.4228673387021196806033924e-14 5.6415771232677168532552396e-15 8.3268895120385047270425124e-16 -5.6597892530705062271687841e-17 9.2196566978108900345064944e-30 -2.2115402593226828356559136e-15 6.7967133439805624920294756e-16 
-1.6700720537269147387470461e-15 -2.3733144765765774555287287e-15 3.8656414156031479456565592e-02 1.5833379956086321947824205e-15 1.6971394618792412131220258e-16 4.3764038615967073239344680e-17 
4 (band)
9.1599028749491806511429104e-01 (Ry)
9.3750000000000000000000000e-02 (Occupations)
1.7606000725248564049688453e-16 -8.7816010088319979407743964e-18 -2.5597644026876325403877343e-16 -1.5434267996055881720460232e-17 8.5113197415580348713100716e-16 5.8754361560803023897639477e-16 4.2785521125971032452234930e-16 1.3120848269960497515812214e-16 8.2760620230402865487792304e-16 -2.7329713598119084093381071e-15 
1.0545811181123971247151885e-15 1.9947486793764021136972480e-16 -5.8836729705065479709779340e-16 -1.3388188118802580015755457e-15 7.6327614261866258162417180e-16 1.1032860372961028756884910e-15 2.4977527219356782075327845e-16 1.9319053242876625327314423e-17 -7.4630066681792284200014365e-01 1.2761067545685064739124925e-01 
-7.5406830345144570948434648e-01 -2.3872712968891780099811584e-02 -9.1430647582500545516082986e-14 3.6836346638122939123332649e-14 2.4140067664964045932479611e-15 1.7395006106449524156966855e-15 5.7473666260448813377721356e-17 8.4975627068663454852868675e-18 -2.4285644005486151791872729e-02 4.1526258426892196859436801e-03 
-2.4538413521088934393654668e-02 -7.7685071766034178870202753e-04 -3.3173282451521035528566205e-15 1.3466240192872350283563858e-15 -1.0064672833739318472610314e-16 3.1400267495037754137671019e-17 
5 (band)
9.1599028749492150680566738e-01 (Ry)
9.3750000000000000000000000e-02 (Occupations)
3.6092564123380727458843497e-17 1.2668682779330968374405931e-17 -3.2849510827933166918614121e-16 2.2266081660273493620993877e-17 7.8422823089341983132132499e-16 1.7134402792960504953462085e-16 8.0685825103300692578385568e-16 1.7257613487410927902772870e-16 5.2727151035692338154139369e-16 -2.7952522633340517875406396e-15 
1.0007174159513819210830561e-15 1.7274690725434452832226360e-17 7.5844955700890628816680057e-16 -9.7332974036395165662982670e-17 -9.2094763573234638041192324e-17 -5.0856307800415781216353298e-16 3.6221795075137445317238953e-16 -2.7870425550276100642165957e-17 7.3164028771300537723476509e-01 -1.8409617619567192337015626e-01 
-7.5634851482587461823925423e-01 3.4439714054026578093914424e-02 1.1116941661318376734222775e-14 5.7137051341570944682254606e-14 1.5297792680778372748961981e-17 2.5238790730515380892080147e-15 1.2300694570961539867591039e-16 -1.2258917960556975530848087e-17 2.3808575226430192528503937e-02 -5.9907412610561722871027612e-03 
-2.4612614716610817233721775e-02 1.1207153796776892374503776e-03 4.6389957156818702915962462e-16 2.1052481671223541177794841e-15 -3.1841998149302093628895574e-16 3.1769627594507971603793899e-16 
6 (band)
1.1842893393124915846215117e+00 (Ry)
1.7090807935549179319423274e-12 (Occupations)
-9.8371930366147511947265902e-15 2.9302965666564372457080500e-16 -5.0061208700633550207015130e-15 3.9893521780971912055524675e-16 8.2182834948981431377745821e-03 -8.4325907384732812221983522e-01 2.0316033127510974963070246e-15 8.0725153551943445827352176e-17 1.4640259816946477415955210e-15 -8.3130283510494441566271178e-15 
2.4793256926257246745837204e-03 -2.5439787866009355710161799e-01 6.2824666271778498363477978e-16 1.3812745267901163251416043e-17 -2.0728157520514138036114739e-16 -2.1108851963738394751703252e-15 -8.6067559412927010350411797e-15 -3.8534194124794271140439192e-16 -2.6868135860601879518853795e-16 -2.6763485007851160266237511e-17 
-6.7118044100606262455355838e-16 -7.3352476857470373231013943e-16 -8.4749859901667218236407607e-16 -2.1741164680707159762383217e-16 3.0296109692540150272632768e-16 -2.0929332923908048576675009e-16 -1.0192722520623428127195417e-15 -1.9701551559714637005630644e-16 -3.1912587717156760914720721e-17 4.6978215265644332798831719e-17 
-1.3253478225771853830844636e-16 1.8458990450913536945554748e-16 -7.0722317811289877694586882e-16 1.1903885276170242820012271e-16 2.8274784173516577975531945e-16 -6.7165783847806164688722795e-17 
7 (band)
1.6034865755263492115290092e+00 (Ry)
0.0000000000000000000000000e+00 (Occupations)
8.1026261714158387405859685e-01 -4.0103260947502325105495321e-30 7.0604281047629147138877670e-01 -1.0614468679181974080044819e-30 5.2258057696339383477264380e-16 -1.7527511557475520878947885e-14 -6.2237485907424653008241365e-15 -1.1166199404284252572943299e-28 -1.3492395777214274254285637e-15 5.5113767924416691473202828e-28 
8.3986876780063893693505654e-16 -5.4386621384083669389722045e-15 1.2954725817209105711135605e-15 1.8761005035064408369638496e-28 2.3139593422197011102566374e-15 -3.9545105052437685455891890e-28 5.9642738348986201746271263e-01 -6.1931123204689800702519640e-30 -5.5346487117333928357518928e-17 -8.1987240526713240906375512e-30 
-1.1623939573227058961016975e-16 -8.1117566686727626720940730e-30 2.0287067752219421438989492e-16 -8.6714910369971561452863045e-31 3.5158083892800193468433124e-17 -1.7900434617815743019828385e-30 1.1059207010452619390772355e-01 -3.5967105711737155557250843e-31 -3.1031885437816919038426507e-16 -1.9554554349218439049665643e-30 
-3.0476461364480042223817289e-16 -1.2182911995946834501097801e-29 5.7611300125618157284730687e-16 7.4366634000083581782800956e-30 4.4634820824735722964402006e-16 -5.5892509730869470537806480e-31 
8 (band)
2.1015137948735485018403324e+00 (Ry)
0.0000000000000000000000000e+00 (Occupations)
9.0888825990000495910753471e-16 -3.9651069878760533750677456e-17 2.4912886150621213687973811e-15 6.1376639667540672297870075e-17 -6.6197069540293886925926658e-16 8.3300544548886443214919146e-16 2.1644720762845239825367116e+00 4.1340119084894405565577813e-02 4.9499792767175095076215285e-02 -1.4716062795011089492369649e-01 
-1.3998076607506814065140440e-15 -3.3786336014778122617210673e-16 4.5503054450041352518852023e-01 8.6908106152162496738089459e-03 1.0406194610822575366548826e-02 -3.0937142316989327955889522e-02 2.6495323988449994078537741e-15 3.3279307863864955214398646e-17 -3.0600355479972413481458956e-16 1.5160459715197397337078228e-15 
7.3521111586042376902077920e-16 1.1255101823415176348323033e-16 2.1602582165960157397850448e-16 1.9731523991578036044620106e-16 1.5012171240031682344268640e-16 -5.8649192917234657702394374e-17 6.3343892857309640365180222e-17 3.4995544764339081974837984e-19 7.9836016089223411664125251e-16 4.1682782844644854953446681e-16 
-1.0258833592599090434782925e-15 8.5531518099472206450305014e-17 -8.9104287132385124005767323e-16 -9.0169161699611701415861885e-17 3.6275081544378728925685310e-16 -2.8201972223231198403095297e-18 
9 (band)
2.1015137948735627126950476e+00 (Ry)
0.0000000000000000000000000e+00 (Occupations)
8.6959547420535220460422663e-16 1.6939839852374913966074305e-16 -5.2505336942563146638526478e-16 -3.2956475009915735797423893e-16 -7.4315834511552427433632224e-16 -6.1275683831081135332504981e-16 -7.3748824581377943332416436e-03 -1.5508736573748649334447691e-01 2.0932902400569264322882646e+00 5.5207277178268143735806461e-01 
4.6147124161706924188557618e-15 -7.6513470314107502464618781e-16 -1.5503996643426976552448959e-03 -3.2603556890325804951125122e-02 4.4006619820458137137819676e-01 1.1606062129447676511961873e-01 1.9467720626355457803547657e-16 -1.3756570465945497841368935e-16 1.7478820157315717033248217e-16 -1.6215170740206678430788244e-16 
-1.1004476396396223997579374e-16 2.9574986327689852843644901e-15 -6.3726307500510566933478046e-16 -8.8244267029997215912829983e-17 1.5966647239422369544602940e-16 1.8202527739541305181630766e-16 1.5370205544040039749756307e-16 4.2466464942370473622638650e-17 -2.7044578278729402712162838e-16 -2.5655669280780845377503891e-17 
-1.7402521808998462185083931e-16 -1.9328715386930047093056113e-16 1.2664349319940209182534103e-15 2.4656065054734448143119388e-15 5.9677891159394671227312920e-16 -1.0651286575913994796444130e-16 
10 (band)
1.0100586220835387152305884e+01 (Ry)
0.0000000000000000000000000e+00 (Occupations)
-4.5796895413666449670131442e+00 -2.9613422913744549591525405e-28 4.6886798878073152607726115e+00 2.3420557801300728983960428e-27 1.3731420400397959927063146e-14 5.4919345889089897923877908e-14 4.8292074375161837787417555e-15 -2.9732769013682230794994624e-28 6.6953620553329935909055809e-15 -2.3735629360080065149696747e-28 
2.9974230065535887737376733e-14 9.5561975762959032611807546e-14 -1.0327958167791273311969410e-14 6.4409995428179949642936497e-28 -1.1337147071529004687241763e-14 7.0831638131171615283827366e-29 -1.6227923536545038607492586e-01 -1.5684148932723863662029182e-28 9.8564436794421712167019446e-17 8.8707429132387774693779778e-31 
7.1494865870279180873924652e-17 6.5748472007398556383087057e-30 1.1343739965696605213530314e-14 2.7624682863399285967443533e-30 1.0853071289201829380481036e-15 -1.4449414951925338436054006e-30 -1.7968452338059457407126729e+00 -1.3519719488260058814042586e-27 -1.2195333500925228398133635e-14 -2.3554643041506668906946510e-28 
3.8429445121194448012835232e-14 -1.1738302492693620392578522e-28 7.3219292381223612186056011e-14 1.8955260680525060134094597e-30 1.1111212261292687965991843e-14 -2.4658417833741429009791233e-29 
