4 (index of k points)
0 0.5000000000000025535129566 0
10 (number of bands)
18 (number of orbitals)
1 (band)
5.6000529469363513612734096e-01 (Ry)
1.8750000000000000000000000e-01 (Occupations)
4.9249347392317560645480512e-01 -1.0834891886920754265305117e-16 2.4501260051849391152778423e-01 1.5661264376672465192404283e-16 3.6088502405783575296706901e-16 1.8328558784276730806870110e-16 5.0933736172294133239400768e-16 -5.2712313233116020139381611e-16 5.3043929834240801953549426e-16 7.5724254736760185369170983e-02 
-1.8030016745541807868185016e-16 -1.7603400788733343200942591e-16 -6.6633899841146781628836687e-17 -1.5989117320957585491914949e-16 3.5766808225448410441535347e-16 5.0400353103204911797696752e-02 1.2516584580179637709029805e-01 6.0652766374412280723291197e-17 -1.7621652897843310554771619e-16 -2.3999275405684029564460574e-16 
2.6013194766075781550153766e-16 -2.5677441851457153543946207e-16 2.1679360430103961077108465e-01 1.5731724558425095936940079e-16 -1.7008589190539519914825008e-16 -1.8772313668052446164449422e-16 -1.1495809963882937937418305e-03 3.5362222794650225725435624e-18 -3.8911084233207327818775368e-16 -1.0408975964761971640978047e-17 
-3.8609482914960626431464118e-17 7.1502110752063137849108929e-17 -1.9911326931615000446207375e-03 -3.8700224589260355163485201e-17 8.4964576865654900667053640e-17 -3.2494011970677186084008982e-16 
2 (band)
7.5438105026382928919304049e-01 (Ry)
1.8750000000000000000000000e-01 (Occupations)
-2.7701273701691749589647595e-16 -1.5545112947917710468245816e-16 -5.4336822626497762469186616e-16 -8.7070134926510337483755659e-18 -4.0188985174098227040602263e-15 -9.0184116122473048293322146e-16 -4.6376838976020949145761270e-15 -7.5821532853498252543945054e-16 8.4789559611858271164480613e-17 2.1582623476293515548587943e-16 
-1.3499843475894618598529751e-15 4.4397947858109705413038724e-16 -1.0630077371012267736669885e-15 -5.0555178757003721537882912e-16 6.7815849382181339466501403e-17 2.2779507317600377563434510e-16 1.1436571243384241832842589e-14 -1.6622756292992649772756571e-15 -9.4353630596352633386203479e-01 -2.2932957588370980750447359e-01 
-2.1454769613782001737542569e-14 2.4373616275466741502066832e-14 -3.7472496688727338990842245e-15 1.9309229552807470051921481e-15 1.2730315089590577881821925e-14 7.0647497545984519644324820e-15 -7.1790881957894409135947469e-16 -9.9466324813949325503128123e-17 -4.6728681170394317789806848e-02 -1.1357558333134952152643216e-02 
-1.1199856678192881708482751e-15 7.7219875808254610111518347e-16 6.9911218024039593049116148e-16 4.0776609009501120265865439e-17 3.1461536106272961724862043e-16 -3.4752692702380718112811845e-16 
3 (band)
8.3218730065630830416978370e-01 (Ry)
1.8750000000000000000000000e-01 (Occupations)
1.7759458694405300116514468e-01 1.5965980909585570134781221e-16 7.1902582828259342662136078e-02 2.1455607210496759404839137e-16 -1.3779868547479442559886393e-15 -8.1012168552343990731632589e-16 -2.1000173848424931042707872e-15 1.3031080647338859984764398e-15 4.1776461431138824421272771e-16 7.5052851263752329291634169e-02 
-9.3308524942791847530988755e-16 -4.2867654849453895884356376e-16 -5.3417006707173939356378099e-16 8.6303597859238958679602831e-17 2.3027414796297840787536105e-16 2.6201294492204069142005096e-02 -4.8532420601946790750247374e-01 4.2610477905473779510020524e-16 -2.6296252861132000369737429e-15 1.8270214470863619585789957e-16 
-1.1668036050940239459873212e-14 1.6652050325024933937337763e-14 -8.4060618296866607135342520e-01 -1.1298469478122113911498501e-15 1.0204133575220349125646330e-14 3.9875349174898574515202249e-15 -2.2200179705430190396642232e-02 -2.2303354320956335023987861e-17 -2.9491748768267777871542136e-16 3.9025748271001412685521032e-17 
-4.8246720385244329062201285e-16 4.8195507293442880250746962e-16 -3.8451839186960448668806123e-02 3.8044301197153992271145720e-17 3.9323019082392103659937692e-16 -1.4333437390804224790258676e-16 
4 (band)
8.5180460570324711966350151e-01 (Ry)
1.8750000000000000000000000e-01 (Occupations)
-3.9454291785926587814672025e-15 -3.2902760748668065637914950e-16 -8.7956820584765129666160494e-16 2.3965514444222457656577067e-16 -4.5807389405170234608632995e-02 -2.5999737177757133860245276e-02 -1.6072282532619330819301240e-02 2.0117060011885040671231195e-02 3.0310860422486218179461961e-16 -2.6701051381838177668034356e-15 
-1.7750583366771266469186230e-02 -1.0075023010060468742210560e-02 -6.2280866623104502721730569e-03 7.7954573590047759878984834e-03 3.6832797335452034423902310e-16 -1.2842109057084044401467026e-15 -6.9374816747169067797427889e-15 2.6072090613445444954252799e-14 3.3036700885691124612281263e-14 3.3046385253701649549109348e-15 
-4.5596763051329691762703078e-01 8.0334222858773529640785682e-01 2.9039204674695067944711326e-14 -1.5444885601309609290626344e-14 3.5280080424657778159769350e-01 2.8186594861460939620556587e-01 -3.3425170436453072799683933e-16 1.1287288435671524090160198e-15 7.5118466953002118443336396e-16 -5.5606646700892799880516453e-16 
-1.5219053691974186032220828e-02 2.6813544847786172781178848e-02 1.3351747852701717317566051e-15 -6.8074922084483641451140870e-16 1.1775604282163688527051981e-02 9.4079770554679805621978161e-03 
5 (band)
8.5180460570324989522106307e-01 (Ry)
1.8750000000000000000000000e-01 (Occupations)
-1.4407986490911254541595878e-15 8.9917508637534412731379514e-18 2.7901252332092071647532949e-16 -2.3766382926874181772846587e-16 1.3629957415369804360483208e-02 -2.1845792047558185849931434e-02 3.9748978928039468971888937e-02 3.4558963115342462846246718e-02 -8.7994558996154030507571585e-16 -8.3598962281060537401116749e-16 
5.2816739510530563705970053e-03 -8.4653493243963540137997370e-03 1.5402920213710036279053384e-02 1.3391764163249275654266057e-02 -4.4119721822272542839723897e-16 -9.6145060592082763471420820e-16 -1.4530997736068938147110124e-14 -9.3848535909087996974976375e-15 4.1473425489969195709295776e-15 1.9736844165442714947389533e-15 
-3.8311825879279243212138795e-01 -2.3903393115837046067895244e-01 1.2367547986499989764576572e-14 5.0096581708918717144568694e-15 6.0607414671022818986045877e-01 -6.9709349803142439672143382e-01 -4.6666099006662432576865847e-16 -4.2756579641474342510767704e-16 1.7130665567369544948205024e-16 5.2131646395163452803315109e-16 
-1.2787524729287083613549214e-02 -7.9783519466225978622464510e-03 5.7941043317308669566831813e-16 3.9603345186484323622630196e-16 2.0229231995519326992027942e-02 -2.3267229217398023577434429e-02 
6 (band)
8.8379731194738331279125987e-01 (Ry)
1.8750000000000000000000000e-01 (Occupations)
-5.8428257946545715087710193e-15 1.7503892465162906658832660e-16 -2.0600278282608954562790903e-15 3.1645409204655762161200533e-17 -9.2925377671412530132670951e-16 1.8937100413862492477391793e-15 1.7006194418897215388876489e-15 -1.5795540014577838606439088e-15 3.9687548378798037555960191e-16 -3.1768339394218604806019379e-15 
1.7523883224150041517634369e-15 7.0818719399250460700090469e-16 -2.5008848078822070979849229e-16 3.8823187459095950541905015e-16 9.8346110466258403395034235e-17 -9.8092001917705810347668782e-16 -9.1166782795028711294804680e-01 2.1795721733640992245906176e-02 -9.8078148708093257574640221e-15 -4.3211576551010552707531466e-15 
4.1092382832625688860981439e-14 -3.1358686119064966194409428e-15 5.2635166587866089038527662e-01 -1.2583765810099786092157714e-02 -2.3996901114384950885431958e-15 3.0733214050271937670550833e-15 -3.2710044276330445256473212e-02 7.8201621367371496745812820e-04 -5.4671967330366042596866398e-16 -9.6639135207408922861279033e-17 
9.0925289106031208983308010e-16 -7.0874525326600957316903357e-16 1.8885152868145370363972546e-02 -4.5149727147527198099080659e-04 1.5892631049081648525595439e-16 4.2221883802191890241492725e-16 
7 (band)
2.5066531537129757012394293e+00 (Ry)
0.0000000000000000000000000e+00 (Occupations)
4.7486950032475913958613021e-15 -4.7724251737601585633335552e-15 -1.7198348305744146896193773e-15 3.8250992322443746656684164e-15 2.2192394963369341809311663e+00 -9.7444856771015775365185618e-02 -1.5760195550544293663364215e+00 -1.0865190816425738251638222e+00 1.9917765246494917730990408e-15 -5.6348660831817796531010597e-15 
3.8329303166994677098955435e-01 -1.6830060313028222251929833e-02 -2.7220014524121005639045734e-01 -1.8765671458958810280392981e-01 3.0705120751816796890191075e-15 -5.5803792944834322829141179e-16 -4.0517046120815171833178664e-16 -2.7087531735586996601401069e-16 2.4715098323983966206133588e-16 1.4492953521683464585451737e-16 
6.8068123719149890155089011e-03 1.5502046347510714530137932e-01 -1.0728397227695223113296542e-16 5.9905856887679299908332626e-16 7.5896581639248741901759843e-02 -1.1008964209299301750810685e-01 -9.0786041943172950009296760e-16 -9.0535329264948974100240032e-16 5.0093876699841012580395292e-16 -1.4217476593886751070195400e-15 
8.4475945852072425838741321e-04 1.9238814826915015543384868e-02 -1.0045402237154332084582789e-15 -1.0896166963401704961394472e-16 9.4191453658472746451879587e-03 -1.3662675179190892152392145e-02 
8 (band)
2.5066531537129868034696756e+00 (Ry)
0.0000000000000000000000000e+00 (Occupations)
9.5831543399609170070524055e-15 -2.5794028833154399356747408e-15 -2.3585744701462958012981708e-15 9.6335554374616707539307851e-16 -1.7510245696785737834488828e+00 7.7348193842477852566474894e-01 -2.1621158591448597086071004e+00 -5.0968073717493800334210619e-01 -2.6365601938743029387924686e-15 -1.6971616913496711183193003e-14 
-3.0242590623881765443670133e-01 1.3359091599177369547035710e-01 -3.7342699778064447624359445e-01 -8.8028838373691520313712999e-02 3.2286394732848740381328752e-17 -5.4175432312026692140248261e-15 -1.4158994848949208050569627e-16 -4.1951547492550479543743902e-16 1.7229157048259200759722827e-15 4.7302795428672835350050724e-17 
-5.4030008379964356013402949e-02 -1.2231426161796296603334611e-01 -5.0773129239339267935179329e-16 7.5768474592627224245708183e-16 3.5602711754007511368858019e-02 -1.5103020792697180452179850e-01 -1.5072503111342061949752719e-15 -4.1218243039891426951764096e-17 6.7027640998075709198791287e-16 7.3377946971152585404619396e-16 
-6.7053942622593027539368293e-03 -1.5179811601690271910536367e-02 -1.3202476215560566732700756e-15 9.1535217904111410511598654e-16 4.4184745898475366251978436e-03 -1.8743604156771027230421467e-02 
9 (band)
2.9263144060986934213985933e+00 (Ry)
0.0000000000000000000000000e+00 (Occupations)
1.3547312122990475824479972e+00 -9.8146871398256963142684518e-15 -3.0976868280425162716085197e-01 5.1216035751108195597028726e-15 7.1504019183360904414175922e-15 -4.6642549286506344013137513e-15 1.6530510985251515970884539e-14 8.8319434846212835180704976e-15 -9.7039397587939497182349729e-16 -2.6908837954222586397179384e+00 
6.3979448984937212706781289e-15 2.6717778205889421517844268e-16 7.0518250651447379790003384e-17 -4.5622807077653798330602706e-16 2.8481286987200521119191190e-15 -1.0754673799179212956289575e+00 -7.2850782548769907331909224e-02 -2.5766689721354554501330253e-16 -1.5902649034225732077677032e-16 -3.3210355624052459802353926e-17 
2.5199283574350772477589818e-16 8.6868157880253375668239064e-16 -1.2618125674562219451502187e-01 6.9098800054227072976168190e-17 -8.2372101533733606931539583e-16 6.7541280624988497577043705e-16 -7.0461141406127442143869644e-02 -1.5402069869514010652359895e-15 -9.7805356842667780021266465e-16 -6.4164759050864015541538919e-17 
1.0221160277431110370460142e-16 1.2540196244875321730120982e-15 -1.2204227687471272401076305e-01 -1.2517264203700721856963801e-15 5.3445435280977743625169005e-16 -1.3314533881078446932548992e-15 
10 (band)
8.4839231267384427326305740e+00 (Ry)
0.0000000000000000000000000e+00 (Occupations)
1.2127397869314071598978444e+00 6.1399333093634364986490052e-14 -4.2067451197427772058290429e+00 -3.9654015469687476803475829e-14 -8.8066589143257783389191167e-16 8.0919061265885146962113988e-16 -4.4883962853044332579694620e-15 -4.1031699886549211346171042e-15 -2.8022803536291710287245117e-14 2.2424685727922022415725678e+00 
-1.9034540980999835525768644e-14 -1.6031245844968831597252629e-14 -1.2536565620621255676904555e-14 3.5128531205979972988930017e-14 -4.5695266386528941572204581e-14 2.1408463094651239977395107e+00 -1.9792254377367299311707427e-02 1.9242174211119392911817281e-15 1.2034009664064417811000157e-15 2.8744438420567188642450143e-17 
7.3330564361746966541334825e-16 -2.6760057793827595731582141e-15 -3.4281190178016202052546646e-02 -3.1366899921667178009516907e-16 -9.0358097112939737160644091e-16 -3.9355083077280508480348794e-15 -5.3940377906342606983969290e-01 9.3755814007586291271595152e-15 1.9048928120813200842434882e-14 4.6931154020644238093934377e-16 
3.2302510342678858943978206e-16 -1.4805925244360492191519237e-14 -9.3427475113295099795607257e-01 -1.9593557384870467560114517e-15 2.1117273898194665956828387e-15 -2.6431319018477100771809316e-14 
