2 (index of k points)
0.2500000000000012767564783 0.2500000000000012767564783 0.2500000000000012767564783
10 (number of bands)
18 (number of orbitals)
1 (band)
5.1484252926372109371300212e-01 (Ry)
2.5000000000000000000000000e-01 (Occupations)
5.2208351475753445036787070e-01 1.1832918989195917811372346e-17 1.9479700287604820307940656e-01 8.2980995905615801512152423e-18 1.0122368150421281680693450e-16 -7.0583595774659363408787272e-02 1.5813371429793902754381272e-16 7.0583595774656698873528171e-02 -8.1495147984107350756353463e-17 7.0583595774656254784318321e-02 
2.0497351531034080272438288e-16 -5.2926643198585865413008378e-02 3.3569825572742632158407236e-16 5.2926643198584234772940960e-02 -9.3564108174524500946676850e-17 5.2926643198584075178381170e-02 -7.6571778431788760512537669e-16 1.7635645053242248226356874e-16 1.0007964818765992254245845e-01 -2.1123951441053066065967261e-16 
1.0007964818765963110891448e-01 -1.4747388563715264746030128e-16 -7.9453832122172988320391224e-16 2.0892535560710187797986705e-16 -1.0007964818765897885288751e-01 -1.8113707573026799527189742e-16 1.5178830414797037424201051e-16 -1.3112821572063634258268688e-17 1.3697539307104981964879897e-02 8.6219312722416792418909222e-17 
1.3697539307104700939676789e-02 7.6872623047684211840664423e-17 2.5581707432869910859768722e-16 1.7422498000588051645499383e-17 -1.3697539307104754716104544e-02 7.0282050892780873699566573e-17 
2 (band)
7.8763325409826157041948136e-01 (Ry)
2.5000000000000000000000000e-01 (Occupations)
1.2269280391481485192883838e-01 2.1660875132411753627249373e-16 1.2135614874518134420622317e-02 -1.2458492879345701115588153e-16 -2.4276680354725188291090856e-16 -7.4787855888577420282459229e-02 1.8170542922195653016688612e-16 7.4787855888574755747200129e-02 -9.8386738156113909570521459e-17 7.4787855888574950036229438e-02 
-3.7999425219542209757897919e-16 -3.4189891658847282318589578e-02 -2.4082774657643125600623814e-16 3.4189891658845616984052640e-02 -2.2113723502225611789418527e-16 3.4189891658845339428296484e-02 -3.7067354394237916892507201e-14 -3.2661813320463654491287687e-15 -5.5058802937294148982516617e-01 3.4150307372204498453685358e-15 
-5.5058802937291118073659391e-01 2.5240157986855955299494697e-15 -1.6793367200659913587134358e-14 -3.2529938948897808672964584e-15 5.5058802937285056255944937e-01 4.8643320869952591030240216e-15 -1.7806936480901924824138405e-15 6.8669748218213959716681968e-18 -2.2194830123050464376621704e-02 3.2515121075689657901240696e-17 
-2.2194830123049340275809271e-02 -7.8311197945034268245930681e-18 -7.2582854492015797618338159e-16 -1.1962764356107591240645861e-16 2.2194830123046439818157438e-02 1.0947314224809262994255228e-17 
3 (band)
8.1530861345270599915835419e-01 (Ry)
2.5000000000000000000000000e-01 (Occupations)
-2.1329127949323627420425837e-15 1.7784262372041403556128677e-16 -5.2103005509098770778382433e-16 -6.1971489804596025097166368e-17 1.4976501783439399861919128e-03 1.3108398222249073583611789e-03 3.6266274466224268646641349e-03 1.2570971295188582139701339e-02 -2.1289772682793195457406910e-03 -1.1260131472968892829555898e-02 
2.8399310352308915206265283e-04 2.4856904150141745368784996e-04 6.8770210746327276041256482e-04 2.3837804074999802139700478e-03 -4.0370900394054443083291517e-04 -2.1352113660000338057898261e-03 5.0933411753020844947581480e-02 -5.8192032239424429373997327e-02 -5.4393851015029393014543757e-01 1.0284362364966342928696008e-01 
6.0726070684559330103979846e-01 -1.7518999089151399140007470e-01 -5.3460947785249601782453510e-01 1.2911701406748887777098389e-01 6.3322196695268964661273969e-02 -7.2346367241850381701873118e-02 2.3634804116907377584400063e-03 -2.7003046444506709385102727e-03 -2.2517977939574333051675481e-02 4.2575225054927289675132940e-03 
2.5139391576707810493918061e-02 -7.2525189456420537104097690e-03 -2.4807665249988980482598322e-02 5.9914606750535569917870404e-03 2.6214136371326903114653550e-03 -2.9949964401497120199124868e-03 
4 (band)
8.1530861345270966289433545e-01 (Ry)
2.5000000000000000000000000e-01 (Occupations)
-7.2868359189784833450217761e-15 -1.0865088515308983682839993e-16 -9.5852526261095948125992324e-16 1.7920973384356995311050107e-16 -8.8859782169672940632665359e-04 -1.4126566302697263211030076e-02 -1.3481888047743167957648325e-03 -5.5956572174672425390440367e-03 4.5959098307882251255307438e-04 -8.5309090852487834411022050e-03 
-1.6850106708310441661069490e-04 -2.6787613452343705944258545e-03 -2.5565137195562859240283160e-04 -1.0610809402765708497895503e-03 8.7150304873301331909374312e-05 -1.6176804049641280158766676e-03 -5.4889560566731054880307283e-01 3.4526963529758543380854263e-02 -4.1209909397552763055116998e-01 -2.2201271380660237558801740e-02 
-2.7030709698959826114972316e-01 6.5126398535392787669806580e-02 -6.5847287205517204822236010e-02 -4.0554405637744990464899075e-02 -6.8240619096524801623360190e-01 4.2925127154731387846275936e-02 -2.5470589293109746620302758e-02 1.6021664202163425454183976e-03 -1.7060087002288386315296265e-02 -9.1908870185004670153722239e-04 
-1.1190178914231761753139693e-02 2.6961040230423036906381995e-03 -3.0555340417386936055499369e-03 -1.8818598643528274255015686e-03 -2.8250265916524897741313183e-02 1.7770153211924123552722943e-03 
5 (band)
8.6970523429064183762449147e-01 (Ry)
2.5000000000000000000000000e-01 (Occupations)
-9.8017265773210361038157444e-18 1.2832325406814137943524715e-15 -3.3935687226452899099268630e-16 -7.0337698083414877304334818e-16 -9.3248655194538600243792104e-03 8.6030419621778257688315961e-03 -4.7305492319644950466317468e-03 1.2095004145045350207876567e-02 -4.5943162874888879287915699e-03 -3.4919621828665447539619127e-03 
-2.4448531082280067217027408e-03 2.2556007738194217004945585e-03 -1.2402857681195755823466698e-03 3.1711458375831003131395391e-03 -1.2045673401094858512294650e-03 -9.1554506376287370095212736e-04 -4.8145074354339778555100793e-01 -5.2184604672635015454318363e-01 -1.0499431529415961805717927e-01 1.3813926600230544416980649e-01 
3.6366564475373619469422692e-01 1.4223544000903248774037024e-01 5.0361747399096523647443746e-01 4.4017090900646781148619624e-03 2.5867132945957516110269125e-01 2.8037470601134378833663163e-01 -1.4110278252268480814191065e-02 -1.5294177073987632806129078e-02 -2.9725733586892645436694504e-03 3.9109650913660438248387052e-03 
1.0296012732088017163634142e-02 4.0269349673619416613012945e-03 1.4759937098480412076551005e-02 1.2900455732892419512432280e-04 7.3234393733988840252679964e-03 7.9379000587283202877708632e-03 
6 (band)
8.6970523429065904608137316e-01 (Ry)
2.5000000000000000000000000e-01 (Occupations)
-3.0232938859091893664313365e-16 1.1526327272233431850387667e-15 -7.4180940594369164756980063e-16 -8.2516942523915902058839254e-16 -7.9741365166168445138827892e-03 4.1717909489779134851739073e-03 -1.0363639700831043383155716e-03 -8.4979332359829354986979766e-03 -6.9377725465343985031263507e-03 1.2669724184959679780249076e-02 
-2.0907103064818910453936951e-03 1.0937869342145523088305481e-03 -2.7172055921185350735314046e-04 -2.2280426931788888111896085e-03 -1.8189897472711824555346993e-03 3.3218296273936909202006973e-03 -2.3346530949443947133836730e-01 -4.4625540267274604877556499e-01 3.8094599715054949795600692e-01 2.0860096416938439523036664e-01 
-2.5551098058966781323420037e-01 3.1160797206851227614254896e-02 -6.8393053121225977353248027e-01 -1.9067549244244064166053931e-01 1.2543501656087407969408787e-01 2.3976176137624388706726108e-01 -6.8423624293808202323496914e-03 -1.3078779060444880449898264e-02 1.0785249840016841033074613e-02 5.9058594453380817979049056e-03 
-7.2339643496457696481005684e-03 8.8221686434229219537367372e-04 -2.0044522165656560030999600e-02 -5.5882855937655108446993069e-03 3.5512854903707643389187965e-03 6.7880763096805308773329379e-03 
7 (band)
2.1776242825232632327470128e+00 (Ry)
0.0000000000000000000000000e+00 (Occupations)
5.1969418500328945498267785e-01 -7.8993340320358787915581092e-16 2.5729592818471469506391713e-01 2.6341065163765675622989569e-16 5.3252639188869813203894165e-16 1.1529604225460503563738257e+00 9.8247379376676534059339043e-16 -1.1529604225460416966342336e+00 -1.7198304950191626071458474e-16 -1.1529604225460445832140977e+00 
-6.0465181972968570919242365e-16 5.1151375720492098242431211e-01 -5.5408283939227093032252584e-16 -5.1151375720491132348399788e-01 8.0011230625817080212209167e-16 -5.1151375720491987220128749e-01 1.4918621893400550872703866e-16 -5.4616714592480498898388814e-16 -2.2867355596221222713282373e-01 6.1503467536258912088415935e-17 
-2.2867355596221305980009220e-01 -1.3935332494970186307658746e-16 7.4791832009224213630863890e-16 3.5694687673071643555221848e-16 2.2867355596221325408912151e-01 3.7532078576332054437631709e-17 9.3675067702747583098243922e-16 1.2531295615097642956022743e-16 -9.0102177488009249639588916e-02 3.0173670406568275802614803e-16 
-9.0102177488011747641394322e-02 -2.1710422988971790633780871e-16 9.3498058561286165173158875e-16 3.4193435349377277315291303e-16 9.0102177488013593387172762e-02 4.5594111767566272330494347e-16 
8 (band)
3.0084622410745160969725021e+00 (Ry)
0.0000000000000000000000000e+00 (Occupations)
-4.0218489143820362088421071e-15 2.0991589898225486582078497e-15 1.8664190797366488766618160e-15 -1.8071881664413049040336324e-15 2.1945409334676291290833205e-01 9.3364371867292489381995324e-02 -2.2514214972060186958913164e+00 1.0313756499901578500555388e+00 2.4708755905527857166248396e+00 -9.3801127812286544394027032e-01 
1.6519009766944814376898876e-02 7.0278341462757885210743680e-03 -1.6947167917763894529059598e-01 7.7634935743338018276915591e-02 1.8599068894458686829196381e-01 -7.0607101597065735631986172e-02 1.3970683685720591653278699e-03 -3.2838262180391293923453766e-03 2.3179860820169803647949891e-02 6.1059556136239125090359181e-02 
-2.5487053916800388175811776e-02 -5.5636470658658211674296723e-02 -1.7014018615215242141713858e-02 -4.0797087362963196932597043e-02 -2.3071930966294643301772727e-03 5.4230854775802255982042333e-03 4.2083142230836464992016488e-03 -9.8916938428949673783874275e-03 1.8934815000510221011387202e-03 4.9877409032865575866377839e-03 
-2.0819480089481604868917319e-03 -4.5447480784056061564601947e-03 -5.1250417045398302673397950e-02 -1.2289088127125986915633149e-01 -1.8846650889527927718279654e-04 4.4299282487710625296276068e-04 
9 (band)
3.0084622410745471832171916e+00 (Ry)
0.0000000000000000000000000e+00 (Occupations)
1.9186480842505931019546640e-14 -4.6209295631811196724371454e-16 -7.9615778364844333725789587e-15 2.2309255480580628426973519e-16 3.0798033130650026567565192e-01 -2.9379141696257149440896228e+00 2.2059365748364093834377186e-02 -1.6278659196902192096700901e+00 2.8592096555813745206720000e-01 -1.3100482499355088350512233e+00 
2.3182662138101519516686366e-02 -2.2114617286192012057810530e-01 1.6604788395265873083422870e-03 -1.2253466142536156846531981e-01 2.1522183298576403470692142e-02 -9.8611511436550031151071494e-02 -4.3961811918980089886055396e-02 -4.6084986211037013911773208e-03 3.2373529838553453952254557e-02 7.0655954163674448975651643e-03 
4.0227347295684251493597117e-02 5.4512460537966254438269065e-04 2.7457051086609159627760501e-03 -2.2795653342255941392613394e-03 7.2600877134236588283933145e-02 7.6107200217473466169471052e-03 -1.3242381155643975776392551e-01 -1.3881933576439646829681074e-02 2.6444800646620698035549335e-03 5.7716369876089062412871655e-04 
3.2860308563324217533130334e-03 4.4529316355094078266549373e-05 8.2707404455705044871161036e-03 -6.8666125683453415121104690e-03 5.9305109209889794730230506e-03 6.2169301511595870864818059e-04 
10 (band)
6.5859362713605547057227341e+00 (Ry)
0.0000000000000000000000000e+00 (Occupations)
2.4891755332549383439300072e+00 -1.2212920151485391592367379e-15 -3.3250955212962862717063217e+00 -5.7793998866814491491997705e-17 1.4928049850266922026590474e-16 4.1179656895462068977309400e-01 -2.6897039102200385393002916e-15 -4.1179656895462879440117376e-01 1.7039027846414193605499204e-15 -4.1179656895466981714193366e-01 
5.0756832619374454182731287e-16 -4.3453115167224087844743963e-01 2.0325485898338924399430274e-15 4.3453115167218747671995516e-01 -4.6541268903723501612515358e-16 4.3453115167209965807870731e-01 5.5530666870362558212384665e-15 -7.9602939836906141020755118e-17 2.0574089607058762552149744e-01 2.7541108117285273148481125e-16 
2.0574089607058207440637432e-01 2.5219587119156260388943926e-16 5.6390538208125875706351937e-15 -2.9321534997204307414537905e-16 -2.0574089607058190787292062e-01 2.4603166906989125348810135e-16 1.3260443090801207375127931e-14 -1.0090497319626079801435547e-15 6.0178153159758263762713071e-03 1.4028620245131208787049973e-15 
6.0178153159595381901936229e-03 1.1728812886651660997606652e-15 2.0009514388663132023000456e-14 -1.5070841460410004439266565e-15 -6.0178153159699846949659552e-03 1.9737102933084682648596749e-15 
