3 (index of k points)
0.5000000000000012212453271 0.5000000000000012212453271 0.5000000000000012212453271
10 (number of bands)
18 (number of orbitals)
1 (band)
6.6360756782798091535369167e-01 (Ry)
1.2500000000000000000000000e-01 (Occupations)
-2.9453192174349057674831442e-01 6.5264179152405753442410168e-30 -1.2793816113432562864282716e-01 7.7960959822631130291871942e-30 -3.6429286573964632715649065e-17 -4.9490869701700396330368633e-16 4.4004763889308453034723759e-16 4.9360805768427682550757074e-16 -1.6518700637645250465678015e-16 4.9490869701700711874730722e-16 
-8.4966217621316136721623751e-16 3.5211059380052990146989737e-17 -2.5408908578474055668376143e-16 -3.9836863021662322879080293e-17 9.8013864834050026711260971e-17 -3.5211059380048256981558411e-17 -2.2677240402342591085727008e-15 1.3976055619751855543386642e-29 -4.5363831308740160119796769e-01 -6.8881069250885843117185487e-30 
-4.5363831308739777092853274e-01 2.5910198439516130877332402e-29 -4.6219542352617889354851008e-16 -2.7879739684907020531448906e-30 4.5363831308739199776880469e-01 1.0346996140481077642797431e-29 -2.2646272877790973865330670e-16 3.4975806431509747960197609e-30 -2.6551861078354048462113468e-02 7.9497095702712294015210117e-30 
-2.6551861078353541922858483e-02 3.4106515233100715753497677e-30 1.0753351832763001845402056e-16 1.6111429350755732209557853e-30 2.6551861078352931300194939e-02 5.1701108964559727776247777e-30 
2 (band)
8.0181021306664990166979123e-01 (Ry)
1.2500000000000000000000000e-01 (Occupations)
1.7303866672879768775141905e-16 -2.1965936014532804382444421e-16 -2.9696297504382655239469540e-16 9.6168732699367805050797795e-17 1.3177857147923055887892507e-15 1.4219879657361721263292258e-16 -5.6775275274954244414183704e-16 -1.0873231389734086748813769e-15 -1.8941168941748631956452958e-16 2.4913173873205007150657380e-15 
1.3569890860525346598287192e-15 -5.8832447151598086884512457e-16 -1.7985325772167677641847793e-16 3.5580061829461039014572637e-16 6.6235578683597430963433272e-16 -2.0166908063467424416977195e-16 2.9681669940196403478793741e-01 -1.7073580123844586675652124e-01 -2.3114052886042854573211969e-01 1.7434274282618117402066105e-01 
4.3266542117328521399599595e-01 -2.9026450203936332572496326e-01 -5.6446906661419082862352070e-01 3.9507994442973898285842438e-01 2.0152489231285783399805212e-01 -1.1592175921318259579351206e-01 1.1563754036419638879240601e-02 -6.6517376371019905356707369e-03 -1.0387952782967023457327826e-02 7.8353380493688205149505066e-03 
1.9444915126435906999047276e-02 -1.3045111372817809469726313e-02 -2.1991287756535554676062816e-02 1.5392015716476728851014322e-02 9.0569623434691333418999903e-03 -5.2097733234491034465252213e-03 
3 (band)
8.0181021306665323233886511e-01 (Ry)
1.2500000000000000000000000e-01 (Occupations)
2.2291196666294666311210883e-15 -1.4053970661159407114903241e-17 1.5493249044820743620727346e-15 7.3996798273375853245677593e-18 -3.1620408114557266947953243e-15 1.2963512401424631774187435e-15 -1.2828619447591589402826934e-15 -5.6152528773323198810096442e-16 -5.2406640419303090159583028e-16 -1.7765154143360465022746934e-15 
-3.5380966883392398783883095e-16 1.9110834669794930591450245e-16 8.0865199088671641073715992e-17 -4.8483049524204455568715698e-17 -3.1445805546712008119975811e-16 -9.6911186339303604592184360e-17 -6.8891000963567194936842952e-01 -1.0792973581123386367375261e-02 -4.3467238477291270104529985e-01 1.1020984490279064904605377e-02 
-3.3065838126229193938421247e-02 -1.8348917329143114851586205e-02 -3.4150714153782807391834808e-01 2.4974770210659514441120521e-02 -4.6773822289914807059929558e-01 -7.3279328388640777025564432e-03 -2.6839412744314769532216758e-02 -4.2048608472888853631113659e-04 -1.9535112389602760085693944e-02 4.9530676022628431290351081e-04 
-1.4860499232994825793974236e-03 -8.2463983176575962434629030e-04 -1.3304859849128811144503004e-02 9.7299815143165452584889108e-04 -2.1021162312902460372887603e-02 -3.2933307153948382242983350e-04 
4 (band)
9.0537360343234973836246127e-01 (Ry)
1.2500000000000000000000000e-01 (Occupations)
-1.8197249262979639414696631e-15 -2.7633602870562979222668953e-17 -1.6501557065236084775440073e-15 3.2095772437102964682149488e-17 1.7162240364754324084420075e-16 -2.4735771876572530781787086e-15 -2.3014134821137668205897834e-15 3.9862554324036996538711233e-15 1.5332914904366108853793500e-16 1.1732783287015583310191240e-15 
-5.8838696088896098109987746e-16 4.4689908462184107701864590e-16 -2.7076918679094894961983427e-16 2.3434082016380290228850813e-16 5.4968387728147584805754954e-16 -4.8381045948703371291224043e-17 -6.3217473616215713594357339e-01 1.2420059323362691444669892e-02 5.1609778307182174739153879e-01 2.1584102346510883330132913e-02 
1.1189662522308040093488302e-01 -3.3922032604706782443759749e-02 -2.3491907659797003904422752e-01 -3.2259803602900254115848355e-02 6.2799440829490471571716625e-01 -1.2337930258195854010816461e-02 -2.2995571186811940289640432e-02 4.5178388501978747077841847e-04 2.0276358150657442652731177e-02 8.4799238418233741348267740e-04 
4.3961747624044365465034723e-03 -1.3327227995389434589412758e-03 -8.5452613653051977260499683e-03 -1.1734613355898579779151847e-03 2.4672532913062223541844631e-02 -4.8473041535661168330989534e-04 
5 (band)
9.0537360343235973036968289e-01 (Ry)
1.2500000000000000000000000e-01 (Occupations)
-2.0261028098376008683622882e-16 4.8398784979742652881563505e-16 4.8057261295626998395242641e-17 -5.4199266602546520959119613e-16 2.8733748853470892291942083e-16 -9.5425623998793963373902727e-16 -2.9419113012217556986647357e-16 -2.9559269051916617020179732e-15 7.4428490469983235258779231e-16 8.8788681910106504125013023e-17 
1.0772672587318561504941775e-15 -1.9630062061917832630115391e-15 6.1943043533441175547487998e-16 -1.0462805031091022060635163e-15 1.0255634209564903169991705e-16 -2.8962506454510122494355110e-16 2.0910649718193070889515894e-02 -2.3619994116533488126563611e-01 1.2124581906615855553255301e-01 -4.1047820880905627749513087e-01 
-1.4201819471748342027517253e-01 6.4511625080344370264384679e-01 -1.5300732770952427119759420e-01 6.1350461496432318053706467e-01 -2.0772375651324531675712137e-02 2.3463804199438637043684253e-01 7.6063200038060561295610862e-04 -8.5918532498820317233612087e-03 4.7634842316564224642960745e-03 -1.6126795052895701032547038e-02 
-5.5795856414306800249991447e-03 2.5345212824291887127037270e-02 -5.5656936210522756081076068e-03 2.2316439173914653926189544e-02 -8.1610140977427653424108867e-04 9.2184177713962433403649399e-03 
6 (band)
9.9171601396447628395947049e-01 (Ry)
1.2499999999983910092815620e-01 (Occupations)
8.4739278034184755082350992e-15 4.7808288622814711641388686e-17 1.6286710332685689454508185e-15 -2.1906720511620703913899662e-16 -2.0026094193558597461590765e-03 3.0218109758233135941907221e-01 2.0026094193554282336944272e-03 -3.0218109758233457906584363e-01 2.0026094193515814843864487e-03 -3.0218109758233091532986236e-01 
7.8828237977678373700311798e-05 -1.1894682628555638265188676e-02 -7.8828237976274995960773717e-05 1.1894682628556148273890614e-02 -7.8828237976729927192348635e-05 1.1894682628555957454308256e-02 -2.6354652360954255427328109e-15 1.3083989194188046751227136e-15 7.6416112182879984004895648e-16 -1.8910186211998991594090880e-16 
-4.3724310871761601105921503e-15 -2.8373954323571502578578420e-15 -5.1507578589301208997194795e-16 -6.9796866981667141026422504e-16 1.2291343982212713755154210e-14 -3.8632752246180304002288843e-15 -6.5329899296995576843971681e-16 -5.4897062281100942084638379e-17 3.8674768024262161309116891e-16 -3.9973570393975727137112218e-17 
2.8369331974207687309630346e-16 -4.2043115074549932920773633e-17 -4.3719066380029305213196186e-17 -1.9182415463391247694379753e-16 4.5170898707379657945924955e-16 -1.1882746891626898937126037e-16 
7 (band)
1.3285898378126905772234068e+00 (Ry)
0.0000000000000000000000000e+00 (Occupations)
6.5837092155030552120820175e-01 -2.0321263592195322444073508e-30 3.6622880195190982144382019e-01 9.6498412623994400617080495e-30 3.3704697591355380805324107e-16 -5.0781527715009169184722676e-15 1.1117741192130587546540657e-15 5.1047328420696348652017224e-15 -1.1917946055375672369587973e-15 5.0781527715008774754270065e-15 
1.6132575040991665648084590e-16 -9.8500918933519373733525304e-17 6.0244711695806703760740223e-16 9.3133198610169289409658681e-17 -5.0084898272677900080040556e-16 9.8500918933554083613355029e-17 -2.0964404257722835112076609e-16 -5.8691350813526977460708593e-30 -4.1498711638026342107821165e-01 -2.1334396316806930323441466e-30 
-4.1498711638026458681238751e-01 1.1146386586049272974745144e-29 5.3775927401243836254472610e-16 9.2014693495437138128051398e-32 4.1498711638026647419152937e-01 2.1416775486225080352130307e-29 1.3866945786089601710955321e-16 6.1284376281341955751919052e-30 -6.1736876863870145115686938e-02 1.7734122487631874200262030e-30 
-6.1736876863870096543429611e-02 1.8276155055433193687633296e-30 1.0026429765089236880860509e-16 3.0904400259252518215878418e-30 6.1736876863869673270901473e-02 1.7903849057283054866579493e-30 
8 (band)
2.8307739658415100869603975e+00 (Ry)
0.0000000000000000000000000e+00 (Occupations)
3.9732021834355243027133154e-15 -5.6825937929479375229157085e-16 -1.1978037278740202324495349e-15 2.2538267799246292416384768e-16 1.6181192892582507703025385e+00 -5.2005679486058342675391941e-01 2.6015696097355456295474596e+00 -9.0606639765458119040175688e-01 -9.8345032047729508128952602e-01 3.8600960279399887387086210e-01 
6.9841119633611475903123278e-02 -2.2446644735802628867205044e-02 1.1228871416025702767438332e-01 -3.9107556590341180369208018e-02 -4.2447594526644392975978093e-02 1.6660911854539144777431758e-02 -1.2363554761799454673348315e-15 -6.5710251715930133728233593e-17 3.3308153416844219598612799e-16 3.2378721329075825436312250e-16 
3.9099996277701432477543007e-16 -8.1061967363791095672905981e-16 3.5113020520381706593198335e-16 -3.1046813986616518315815918e-17 -4.1299097431211896409720846e-16 -1.7368811963062935237013549e-16 -1.1259109686625601040882800e-15 1.5639490336858883655090152e-15 6.7128537731530454062171347e-16 4.8573078545290995685053816e-17 
1.9913244444547352707886075e-17 -8.5850853845364141356373437e-16 -7.5086065971224791439096383e-16 -1.2481527826387267812139392e-15 -9.1119923180789738192071842e-17 -6.7972913471835009300146193e-16 
9 (band)
2.8307739658415251859935324e+00 (Ry)
0.0000000000000000000000000e+00 (Occupations)
1.4880161918484497661398376e-15 1.3376099338852600810139027e-16 -1.4219224660967393038649806e-15 -7.7272434796182786155170975e-17 -2.1933258852138273198306706e+00 -1.7300575588822700301427915e-01 3.7385721852925957175983740e-01 -2.2103469524866126844075964e-02 -2.5671831037430941080401681e+00 -1.5090228636335986656114017e-01 
-9.4668135137874392937007428e-02 -7.4672589187368279897705214e-03 1.6136391734849521439887354e-02 -9.5402796916925578646351269e-04 -1.1080452687273213696617091e-01 -6.5132309495675279678583713e-03 2.4128189963028150379559891e-16 -5.1647002710668192388537970e-16 8.3595514931168086189878182e-16 8.6813132661601718715384778e-16 
-1.0093698967705450195197868e-16 -4.4681033217289882188801563e-16 3.5926040239867404186854474e-16 2.0698416643111810251668079e-16 2.6236676111500834980718910e-16 4.0358709613237886377990493e-16 1.0470727918136886089912155e-15 -1.4595876375011325573948606e-15 1.5035731632208499698983305e-15 8.9923785248863190939470139e-16 
-6.8521061674505058100480545e-16 -6.5388215856319319479811711e-16 -2.2805082251157203512336367e-15 -1.2937750652205286229449665e-15 1.1464882503925292369915737e-15 2.4594478529337548244860038e-16 
10 (band)
5.8903917241157195405776292e+00 (Ry)
0.0000000000000000000000000e+00 (Occupations)
3.7677810364294370693016845e+00 1.8123237303246254994826212e-29 -3.0621722228362173723326123e+00 9.6662454711015983180450785e-29 -1.6631593754965809436265677e-14 -1.3921392299156755787093573e-14 1.1842230470636783374930399e-14 1.3757163453551370400253550e-14 1.8416957770965337570575460e-14 1.3921392299157289057065503e-14 
-1.8884415425724931751518667e-14 -9.5284052218687971109663995e-15 1.5694921170665716195520301e-14 9.2520550208293428962062189e-15 2.2786807894586846306228303e-14 9.5284052218684247686191352e-15 3.3393426912553536567429546e-16 1.6104371808024748653009862e-30 1.0689521703625945447946322e-01 -1.2479841052225901161341159e-29 
1.0689521703625562421002826e-01 -1.0905191137480105003152228e-29 -3.1695555385761368206824558e-16 -1.1842825724679777699028190e-31 -1.0689521703625262660786177e-01 1.2064637893046635711787514e-29 6.4059001159133543978896341e-15 4.0750487405620567476146897e-29 -3.8680348833312960810104641e-01 -3.6065711088575113905055106e-29 
-3.8680348833315825185508174e-01 -3.7475343393135362684870074e-29 -8.9396990136528108333269049e-15 8.2431537371279559008682445e-29 3.8680348833318239920586734e-01 2.9376573088235421687919098e-29 
