5 (index of k points)
0.7500000000000011102230246 0.2500000000000012767564783 0.2500000000000012767564783
10 (number of bands)
18 (number of orbitals)
1 (band)
7.0937477277658811392058169e-01 (Ry)
7.5000000000000000000000000e-01 (Occupations)
2.1984632334956288879368458e-01 9.2566796680850019236422550e-17 1.1458556413375969862400439e-01 -1.6089726248863725862612329e-18 -1.2016607653034427883619705e-15 -2.7337665884083622858113927e-02 -8.3453444550386889177054697e-16 9.0090030044274016507444003e-02 2.7793332814843435001781722e-15 2.7337665884085204925924018e-02 
1.4247833636846364018948090e-16 -3.8192752170501664821244958e-04 -4.6250187192549388181517814e-16 5.1851857874143453264181858e-02 1.1894411579979128763040784e-15 3.8192752170435051439767449e-04 2.6513970224123650787362294e-01 -4.4698662885669592963471739e-15 2.3207592398714849135643590e-01 4.4811683414887837637721631e-15 
5.6543335840253561297430451e-01 8.5699354492037023147883641e-15 -4.5923543538549732589970631e-01 8.3706633711754678368520845e-15 -2.3207592398713777770424826e-01 -3.8275203285198700069289166e-15 4.2771739845564983942272086e-03 -1.7547298624291925777571462e-16 1.1699480082388639262669372e-02 2.5147086514740508343036289e-16 
3.3102549374793226177882133e-02 1.8267140476362829364829323e-16 -7.4082826540619716587654509e-03 2.6309825011205763744528276e-16 -1.1699480082387860371828658e-02 -1.7433738335364600039529510e-16 
2 (band)
7.4856890793524966110084051e-01 (Ry)
7.5000000000000000000000000e-01 (Occupations)
5.3842044242433884093657070e-02 -1.1173141541483339804477121e-15 -4.0008623137255394652811447e-03 -1.3246939202437184973654843e-15 6.0367720432328396559753444e-15 -9.9362207250235229372137269e-02 4.2151733822428778890380944e-16 2.9550381170166839517321478e-02 -5.3191599585100478840179014e-15 9.9362207250233619548751562e-02 
2.7359750678655443761483999e-15 -4.0527434220790276020451870e-02 5.3728982211697660654124433e-16 7.6521392784290043209693977e-04 -1.6266002693539166029274781e-15 4.0527434220788527419188085e-02 3.2682746347646929319097353e-01 3.4115244122018455441994668e-15 -1.2925217375768621730358632e-01 -8.7523610412739376906120560e-15 
-6.0489367300908292168770686e-01 -4.5721632096711648518223433e-14 -5.6608177205009180266159774e-01 -3.2093348833697375446878130e-14 1.2925217375768574545880085e-01 7.1529969982687262374801180e-15 5.0533307772541709388530728e-04 -5.2759985979076988940817609e-16 -3.9359262175047487683499092e-03 1.1977171261535193428975073e-16 
-1.3377068525280262634158390e-02 -1.3119693547338724640583710e-15 -8.7526256536537378957762989e-04 1.0604647767994892056081681e-16 3.9359262175048164225654723e-03 7.3620060016630164308882217e-16 
3 (band)
8.0922371027859929526471205e-01 (Ry)
7.5000000000000000000000000e-01 (Occupations)
1.4470625366784373166950672e-01 -1.2949942367606533222975133e-16 5.7721502378548089629006768e-02 3.2929222019970710672664869e-16 6.4667023396678141400795175e-17 -2.0847430664383541365491936e-02 6.9910921768588499202124156e-17 1.4260588125951734195240306e-01 4.7263228848198345480350796e-16 2.0847430664384040965853018e-02 
-1.1494611435990794081213436e-16 -1.4054655231485746469388687e-03 2.5034817202254997278705956e-16 6.4917628939331922799382824e-02 -7.3707150763361024792833958e-16 1.4054655231490187361487187e-03 -1.3440234541860957007131105e-01 8.3530495422699634286414692e-15 5.5556575483825065830956191e-01 -3.8277681061540591516812992e-15 
-4.4190457846277730880046875e-01 2.6216834359834959715963265e-15 2.3279169092144172403813229e-01 -2.9290122684004888910291648e-15 -5.5556575483823922301240827e-01 5.7862648461212208137386913e-15 -1.7810235388703528347509319e-02 4.8471244797066448601977024e-16 2.1558617664913473643828468e-02 -4.2376774323778388073750921e-16 
-1.1465883394672953671244997e-02 1.9052447064711452851734765e-16 3.0848232587994708214784723e-02 -2.2056031652927317449666380e-16 -2.1558617664912384237485554e-02 5.6772235904428227070537182e-17 
4 (band)
8.5035230974880093857137808e-01 (Ry)
7.5000000000000000000000000e-01 (Occupations)
3.6437488496422637127626850e-15 1.0024873112470288902526070e-16 5.0869098067281770066157962e-16 -1.3889362203274340088014605e-16 2.7699697068732168081517386e-03 -3.4424254490441286158386447e-02 -1.7192335127276162409082609e-16 9.7718472352540673699683101e-16 2.7699697068723737325424139e-03 -3.4424254490442507403713535e-02 
9.6304046575151902587208497e-04 -1.1968343911989087757774541e-02 4.8076001747557681031981883e-16 -2.3991762493483811237308717e-16 9.6304046575035329169622855e-04 -1.1968343911989975936194242e-02 -7.1000117189841560616514471e-01 -5.7130699476715070261878537e-02 -4.3387244388564982777722889e-01 -3.4911824351753953377119899e-02 
8.2271693098996180985435304e-16 -4.5293023935333616577993144e-15 -4.0991936772050679982370980e-01 -3.2984424721883225106733306e-02 -4.3387244388565093800025352e-01 -3.4911824351744932815044820e-02 -2.9015699946332774994406378e-02 -2.3347668980723081978700950e-03 -1.5151595013288839119969253e-02 -1.2191828063919712878820922e-03 
-2.9444553860013422346182532e-16 4.3289503764246488959415744e-17 -1.6752222174740000887327440e-02 -1.3479782970972414499200021e-03 -1.5151595013288813099117114e-02 -1.2191828063920246306289785e-03 
5 (band)
9.0842064434300717756798349e-01 (Ry)
7.5000000000000000000000000e-01 (Occupations)
-3.2424888450541724285331856e-15 2.3700201501783312527834348e-16 -2.7223412207559541189954584e-15 -2.9017462905299308664525345e-16 7.3209119608411143964588064e-05 -1.0966276977655287083734947e-03 -3.8606796792703323671598846e-16 -3.4392129299393054295720203e-15 7.3209119609150136165354184e-05 -1.0966276977676936432715138e-03 
-1.8396376935338881741799355e-04 2.7556644026764942623231036e-03 -3.9839584376982455182653554e-17 -1.5979357945025877556406438e-15 -1.8396376935354841197778342e-04 2.7556644026754950616009410e-03 -5.5045696400912613732714362e-01 -3.6747630759360813690328484e-02 6.0241903157149723213592551e-01 4.0216535682210542701486844e-02 
-2.9978850384969595461934999e-16 -3.0988015479660561651220372e-15 -3.1780647634797865030975572e-01 -2.1216254511004013771913179e-02 6.0241903157150689107623975e-01 4.0216535682215580338461081e-02 -1.9876636791092694434013310e-02 -1.3269326346921660794014874e-03 2.1950325384727454453015483e-02 1.4653687845286231510727459e-03 
-2.2647812933253406505731375e-16 9.4635918838847175935797553e-17 -1.1475781601921921162845486e-02 -7.6610491383623073591291330e-04 2.1950325384727895072778381e-02 1.4653687845290728781338929e-03 
6 (band)
1.1151890631107066464977606e+00 (Ry)
3.1250008032041587391347548e-02 (Occupations)
3.7207190800477163428183758e-01 -8.9168118957038093602328876e-16 1.8921522935095905215696632e-01 9.9362492029843935634004966e-16 -7.3880070188586041215398457e-16 -1.5977019509692103049758316e-01 6.2950455792419027096702776e-16 3.8635857929050348991140140e-01 -1.1761738717565244643854926e-15 1.5977019509691969822995361e-01 
-8.6842923882312674689789146e-16 -2.9108095144746104487865068e-02 5.6048890529948913178280769e-16 1.0117594176979911868574646e-01 2.9962819687693086403717374e-16 2.9108095144747062055223807e-02 -2.1392484517471058169668652e-01 -1.0369770341238317972918496e-15 -3.8757131220323792764048676e-01 4.7889696791807981760389714e-16 
5.0161278273823772799744347e-02 6.0534661139000405962368652e-16 3.7052870084390260307927178e-01 1.2399272889815934981897229e-15 3.8757131220324475551208820e-01 -2.9238057675650271333252435e-16 -4.0031544737215971063726272e-02 2.6105658013838653605200037e-16 -1.4130638510457007445131339e-02 4.0759586264618094210323387e-17 
1.9015418609187449694442051e-02 1.3773815038798702053522226e-16 6.9336669390321750694461400e-02 -3.5719330297425389633669992e-16 1.4130638510458247772416662e-02 -6.8005327042729144399450734e-17 
7 (band)
1.5858069986893816860629158e+00 (Ry)
0.0000000000000000000000000e+00 (Occupations)
4.3149312481118196060947412e-01 1.0361306665885832563737259e-15 4.4317621337544199633384778e-01 -6.8565819513158881516232292e-16 1.6015836771438590932853011e-15 5.9584020434299411750345143e-01 1.2061007823343264621206594e-15 -1.1416430760159948509802064e-01 -2.0783303227680726174248589e-15 -5.9584020434298023971564362e-01 
1.2266640961259951578957717e-16 1.3949535794796746879242733e-01 1.5454160105798972751970672e-16 -3.7733663733369837700593052e-02 -9.0374292779663599140180702e-16 -1.3949535794796691368091501e-01 5.7229299958767493317068897e-02 -1.1482502785866281104191890e-15 -1.7407183251140173618765061e-01 1.2603457677270442578994194e-15 
-3.8190605001364008597164457e-01 7.7204554476448597696416125e-16 -9.9124055210182748787417495e-02 2.6733003952183456551658768e-16 1.7407183251140284641067524e-01 -6.9070821010733158931833786e-16 3.7385768312196115958911946e-02 -2.2673630831312704230654965e-16 -5.2430482227008162743331354e-02 -1.9033890426590275806113666e-16 
-1.0199841498050217503124060e-01 3.1523513660447500158326687e-16 -6.4754050196717483078856503e-02 2.6659831831342434805876287e-16 5.2430482227009439499809673e-02 -1.6187186376772742044466803e-16 
8 (band)
2.2364271609802792717403008e+00 (Ry)
0.0000000000000000000000000e+00 (Occupations)
-5.0014136597997516098246251e-01 -6.6048291063101250502929080e-16 -5.3891552282424748376854495e-01 2.6443130000625649738388236e-15 4.5689211165967884747370183e-15 6.9419951556337167186683246e-01 3.6406619180997476034644366e-15 1.7127971312712171325642885e+00 -2.6522449767231824103107201e-15 -6.9419951556336867426466597e-01 
-8.2293427458063539199313909e-17 1.3860816944739387523988228e-01 1.1183789281607041771442052e-15 6.9905862230539572710341645e-01 -7.7389300429728437221324648e-16 -1.3860816944739415279563843e-01 1.6253343605811426675344933e-01 -9.1032573189584784091323141e-16 -7.3832680790013704985597087e-02 9.0065864709248961505737517e-16 
-2.9269218298760622636034423e-03 7.0411119888113717809326316e-16 -2.8151616918140198730924340e-01 2.7928243495615336514763230e-16 7.3832680790013316407538468e-02 -6.0646044555352833066137804e-16 5.0869043742607658598053888e-02 -4.4014337426146686525416860e-16 5.6266037547580215194553688e-02 -3.7305261166245576715973288e-16 
6.6005622049022300013021436e-02 -2.6910937043325429865008842e-17 -8.8107768294644839279783355e-02 -1.7735500904524318249300065e-15 -5.6266037547579514366269393e-02 -1.1230487346193240842123230e-16 
9 (band)
2.4009734911815918678712478e+00 (Ry)
0.0000000000000000000000000e+00 (Occupations)
4.4872923882467834148382249e-16 1.4935468169745785659349554e-15 -1.5485897309462341535926385e-15 -1.5221870383971688754461008e-15 -8.1508604668132911275080232e-01 1.7207595506432775689376058e+00 1.5088193532367417031508017e-15 -5.0524967586447848395373834e-16 -8.1508604668133288750908605e-01 1.7207595506432846743649634e+00 
-1.2523002250604439722359018e-01 2.6437792443132318576104467e-01 1.4911619628663888122487024e-15 -4.8232618762665389254088012e-15 -1.2523002250604090002106261e-01 2.6437792443132263064953236e-01 -9.1289652443703808715191883e-02 -4.3241905520987299060831077e-02 -6.3822188017511979896134733e-02 -3.0231170242408605258743748e-02 
1.3235835678309790682724913e-15 3.4510543284596592989290937e-16 -5.2706105412599707493725987e-02 -2.4965725792813784483792361e-02 -6.3822188017512743174464163e-02 -3.0231170242408161169533898e-02 7.7492769552564455537435606e-02 3.6706624790994665796795005e-02 1.6303811664278723692067530e-02 7.7227578892738301535869638e-03 
1.3732444099940097848716151e-15 -3.2006778360481128144419101e-16 4.4740471361418718276858897e-02 2.1192579704122044975678207e-02 1.6303811664276923049099466e-02 7.7227578892738639806947454e-03 
10 (band)
6.9249181551791085809099968e+00 (Ry)
0.0000000000000000000000000e+00 (Occupations)
-1.6810285441090766500593645e+00 6.5715126150827448895867917e-15 1.8608844233735171158627963e+00 -9.3187020078493665510215612e-15 -1.8496910983546306905615341e-15 9.5559959952390993720428014e-01 -7.5920710298092815739180564e-16 3.0850795419096560534555351e-01 7.1739643583784351998323586e-15 -9.5559959952393369597700712e-01 
-9.9611421257298379335923331e-16 -7.6653815750028497788548520e-01 7.6085811704294007143875547e-15 -1.1563023652288675346966329e+00 -8.0697493199851267711081956e-15 7.6653815750039933085702160e-01 -1.4901872871283053378910211e-01 -9.4348486280815728280339640e-16 7.0015734066652859923785002e-02 1.1193027274719314087142416e-16 
2.0455944538339340676991185e-01 2.8982857721718229951145959e-16 2.5810800940993189334093927e-01 -3.4408298622176135994366983e-16 -7.0015734066658924517057017e-02 -3.0593356469475468290076399e-16 -2.7801778727376003086391165e-01 -5.4565514766266150327649871e-15 7.5210586582006422329271800e-01 6.6616105760881701986456589e-16 
1.8113407254933213685887949e+00 -7.6539544928622978185085348e-16 4.8154093296602534790551431e-01 1.4862564980224011994991059e-16 -7.5210586582011706990869015e-01 -1.0526482106422009967877228e-15 
