8 (index of k points)
1.000000000000001110223025 -0.4999999999999986677323704 0
10 (number of bands)
18 (number of orbitals)
1 (band)
7.2927732580014359431430648e-01 (Ry)
1.8750000000000000000000000e-01 (Occupations)
-1.4942196656224350306073201e-15 -1.1230710221460419951501763e-16 -4.0517330068154272169555849e-16 2.2243781447041038022084597e-17 1.2366878187026533409909876e-15 4.3321074698042849543455987e-15 -3.1684793698861546310601925e-15 -1.1677386247385436590897672e-15 7.2978692341115825644587423e-05 1.4315209562312525282123943e-01 
2.1493061447401871974444382e-15 2.9982644498600512626110053e-15 -1.1883557753680320291905383e-15 2.1217960004553334875698246e-16 2.6950605732463202486061393e-05 5.2865234565862811999537030e-02 -7.8733708425046811107961275e-01 4.0138309250402240228872142e-04 -1.4163582234277527343592550e-14 2.2446105713753082850288876e-15 
-2.1096195951869368281802321e-14 1.8412403706976408264107708e-15 4.5456927753498677091670288e-01 -2.3173863650553886426100569e-04 -7.5930761728343336638306662e-15 9.3137221945036043511058025e-15 -2.0898949237816193819083921e-02 1.0654248406218234688038783e-05 -6.4188446370159734316329131e-16 -1.6814481709385863820038109e-16 
-6.9620819355210059117907030e-16 1.3591032090144044329205490e-15 1.2066013968233577080546581e-02 -6.1512331854572741950820669e-06 -6.0216753708205215491636213e-16 2.5354422615128855538943195e-16 
2 (band)
7.7101376540521970870400992e-01 (Ry)
1.8750000000000000000000000e-01 (Occupations)
1.8226322129226032322282359e-15 1.9477582929994959104097649e-16 4.7958953883122748223246141e-16 -9.9085465015155992015913868e-17 1.4974607257529148202079838e-02 1.2817531349287303310546804e-01 2.1980059776932819870509661e-02 -7.3689074796669667977155882e-02 1.1327324369654202458118034e-15 -1.8934069156500765059800108e-15 
7.4202230743389482880978392e-03 6.3513480012125173024273295e-02 1.0891567566831628077750338e-02 -3.6514438324118936307627337e-02 2.1282846264931897428840603e-16 -3.5923213444621780241097704e-16 1.6312833994260462355143334e-14 4.8478245190559661403976883e-15 -6.8122422378699604064403684e-15 2.4918774344816977205904386e-15 
-8.0297794342038830706087538e-01 9.3811195085134135851490100e-02 -1.3429436001398721271431174e-14 -1.0504589115849948253186472e-15 -4.6163882982091641871136289e-01 -1.3769814728730375708032341e-01 6.4850262429136970722763773e-16 2.1986954242481881417089978e-16 -3.0366621543582992537242644e-16 -2.4063879975012147531515763e-18 
-2.6045240317014380776461380e-02 3.0428421358765353130215736e-03 -4.1179029372908604328358230e-16 1.1560437542189180625723007e-16 -1.4973629550938206966836930e-02 -4.4663509959303841767574994e-03 
3 (band)
7.7101376540522925662202169e-01 (Ry)
1.8750000000000000000000000e-01 (Occupations)
1.6466445958396006671031806e-16 7.2439515323885913652325221e-17 -4.7817652448183557678096553e-17 1.5206403055114419329595708e-16 -2.0819443280165796789082933e-03 7.6869163388197409014779282e-02 -5.4177908787100867438191187e-02 1.1712345645074948019548344e-01 -2.1347800587402304900629718e-15 -1.0718466171358109940348136e-15 
-1.0316458439649563855189385e-03 3.8090237030522111627561799e-02 -2.6846257934368789044299319e-02 5.8037059614050479083857681e-02 -2.2769507144012970933904825e-16 -6.0505115700829306715991731e-16 7.0718867235000744886983026e-15 -1.0711822330211524532577670e-14 2.7891837659596341124523682e-15 3.8063163391105086054609103e-15 
-4.8156108261309271689754041e-01 -1.3042725071394083158349275e-02 -5.0656965962047437185643305e-15 -1.2331520909137541025392531e-15 7.3374154214444498034453090e-01 3.3940752389189626780918729e-01 2.6220341450938657437319930e-16 -2.3653222096495424707287839e-16 2.9452210606849544819719152e-16 1.1821361053661071683984922e-16 
-1.5619823964969846777361973e-02 -4.2305135733372226233481306e-04 -3.4834328807935276672156795e-16 -4.1564260512021190973039692e-16 2.3799501533411194370559727e-02 1.1008958088577104963978748e-02 
4 (band)
8.6131559670215618318422912e-01 (Ry)
1.8750000000000000000000000e-01 (Occupations)
1.0892977784247086237012780e-01 -2.9764445596051346597975828e-17 3.4752940923293382247116767e-02 3.0018020595262585664715111e-18 3.3962456157361505179619180e-16 -1.1185882060724558353909291e-15 1.2136945582651134053558193e-15 1.6844307159065032476977453e-16 1.8154251252928303825930741e-16 -3.6945432078762883201906620e-16 
1.3940255225935343613668851e-16 1.0932485598878496452332081e-16 2.0641574013365107007388140e-16 4.6173940190072997453458445e-16 -1.3237469662786078609935236e-16 -1.1681945779868203830253969e-15 -5.1190965071797323027169568e-01 -1.3886208297148012130695442e-16 5.5474036977936328623928084e-15 -3.1560443389496421682950056e-16 
3.4370916172853881324219940e-15 -2.4334024174393977509789965e-15 -8.8665352392835905526169427e-01 -1.0302831586035518043889842e-17 -1.0170466888121151387600079e-15 6.1708928108845338195489469e-15 -1.8775963208377467739129685e-02 9.4792951177703899825871917e-17 8.3408053498151116025276972e-18 5.4702454485504999605074574e-19 
2.1042433063150281194173515e-16 -1.0473818111074356430410848e-16 -3.2520922237953789335485055e-02 -3.6483789417592725285966857e-17 2.5081643613411120729606069e-16 8.5037626985818433654610160e-17 
5 (band)
9.1618452441525288776347224e-01 (Ry)
1.8750000000000000000000000e-01 (Occupations)
-8.5764188646594280833644097e-16 -1.0263971323254652124106016e-17 -1.7033565991152016812428265e-16 -2.7223380135243148719383888e-17 -6.7201781122627078956039128e-16 -3.0951658909977576953496268e-17 -3.1037559301141495666693995e-16 -9.4468916414575073562588500e-16 -2.8731456718144918504428076e-16 1.6267666817442898018197782e-15 
-7.5927618975303001445506254e-16 -4.2607279147412261060566008e-16 -4.5965372367095739906630928e-17 -6.0942032559468564431681640e-16 -1.8566851362746067805120919e-16 9.4370482560284459492474669e-16 -7.9519545739199777658491006e-15 -7.4998198975974230150155526e-16 1.0644517597666196540018291e+00 -9.7482813509659524409123321e-02 
-4.9017524343454197675797549e-15 -2.6009852897500503561617190e-15 1.0727268868214503149774226e-14 2.1325620186580733656632724e-16 -6.0689696621780005360305639e-15 2.2229038212286610098210407e-16 -3.2950903099511064095124262e-16 2.4942473371160843615466678e-17 3.6780932354709278131466021e-02 -3.3684088889398178419398722e-03 
-3.4370222548246726801931980e-16 -2.9730784133080177756614820e-16 4.6116829419146901459079140e-16 1.5086601505028137336611655e-17 7.2469946952350049576411132e-17 1.1512709168435967313771043e-16 
6 (band)
1.5519598835777674850078256e+00 (Ry)
0.0000000000000000000000000e+00 (Occupations)
7.2667935625337124081531892e-15 1.2851043413705956557021107e-15 5.0054697352916400135057149e-15 -2.5478439550448519481891305e-16 3.4090379566937951960614583e-02 -1.6902287381836403334922636e-01 -1.6064555330106800035139258e-01 -1.1337443415635077847980483e+00 2.3327117352558757884847887e-15 -8.0021855847366379768447324e-15 
8.6867103390442755583844558e-03 -4.3069416186754028164074271e-02 -4.0934756565022101248985109e-02 -2.8889407565422686730016721e-01 1.7822556134719195242152405e-16 -1.0426209344785493322339983e-15 -3.4874741008064275544362901e-15 -7.8082491776059708120343762e-16 5.2088562865915642269477625e-16 -2.4718318265038797375526954e-16 
-6.5429133497394389995527320e-02 -1.3196462379755063282216199e-02 3.9014803282655745043064601e-15 -1.3126269795053699576831850e-15 4.3887497709801742695745475e-01 -6.2186253938586795453336009e-02 -9.4646910152804757353732273e-16 -2.6239878540733927965089205e-16 1.1653535004416552700421654e-16 -2.2772612103480610405663864e-16 
-7.3753141643170322047651233e-03 -1.4875339272548855889394259e-03 1.3969208145911088185873806e-15 1.7077247206904229044467775e-15 4.9470941489453544581689215e-02 -7.0097697307474945288552348e-03 
7 (band)
1.5519598835777723699891339e+00 (Ry)
0.0000000000000000000000000e+00 (Occupations)
-1.1640405741545884303157507e-14 -1.7440872240430470483732732e-16 -9.1093931911384009473811944e-15 5.1089459309045367689729649e-16 1.4064380913426116626041562e-01 -1.1363989373344620670280847e+00 3.7063304286754389371694174e-02 1.6839595401369827909476840e-01 7.8551478356940992342774990e-15 -6.7862660856962561709544954e-15 
3.5838029568730236928963961e-02 -2.8957050416052310115588853e-01 9.4442535588288370473897260e-03 4.2909668163469166790591203e-02 1.6246102308763135751615454e-15 -1.1856625731394233872924829e-15 -5.7742659897766787859923705e-15 -2.9003032907915201679261877e-15 -1.7468054517520392742412253e-15 -2.2683146583505076339595980e-17 
-4.3990257707401375641964592e-01 -5.4443533916697366137338321e-02 2.9989910381437663661189224e-16 1.1959146168374701378739734e-15 -6.5186451435110578933596059e-02 1.4347288205729091456475111e-02 -2.1761199321973282308938736e-15 -7.4896342977405477477764723e-16 -8.1085127306629308915661782e-16 -3.3341235142011543723781503e-16 
-4.9586774792649092324925419e-02 -6.1369934979692885093638388e-03 3.5402586388013257673075217e-16 2.3908264849288676669953202e-17 -7.3479585146895018757384754e-03 1.6172575161405827303545690e-03 
8 (band)
1.7229261128034054628699323e+00 (Ry)
0.0000000000000000000000000e+00 (Occupations)
-8.3918134523896181775626246e-01 5.5207941743072716171249125e-16 -8.7422965238426730838483536e-01 -1.5954659471324644379749333e-16 -1.6263500828506939088474951e-15 1.6152610151414034318709905e-14 -1.8660986555480886615842388e-15 -1.4786892159991509058039214e-14 -6.8209991133184776662889448e-16 1.9937817154995548397614188e-14 
-3.7116700086808504451979957e-16 4.4573557870636927529246521e-15 -2.4415420992681817710298236e-16 -4.6507309124022963956631326e-15 2.8780390886050417688624564e-17 3.9035201150350277437767265e-15 -1.4805207534840542082932302e-01 1.3765510320551434534282440e-16 -6.9784813073566363858393346e-18 4.1347625181951721851757215e-17 
3.7018212980430392575839811e-15 7.5429412264542751672752195e-16 -2.5643371666947578635387117e-01 -9.1045720256433623454316108e-17 2.3508982380390376513470639e-15 -5.6732629498389448499648378e-16 -2.2712260635143956266635001e-02 8.9837041624741075247983104e-17 -6.5975187772445930590860016e-16 5.4983147610070712015241956e-16 
9.1814260416267511959788303e-16 3.3080849231662368225798989e-16 -3.9338789374823705802253215e-02 1.4295877991033452709474159e-16 -7.6315421543733188006304864e-16 2.1696520311887940497686627e-17 
9 (band)
1.8135507882294941151002377e+00 (Ry)
0.0000000000000000000000000e+00 (Occupations)
-1.1094260018798757067492223e-14 -2.2905960157172941757469361e-16 -1.6257644882923196217178850e-14 -1.3735686650937675043509812e-16 2.9387030053946817616007193e-15 1.3683738923622474880084860e-14 1.8465181624561375705023478e-15 1.2575128091693321520842142e-14 4.5758860466189210658427555e-02 -1.3938458631126013909096173e+00 
-5.8683104525575267093440007e-16 2.5376583707869402253524731e-15 5.0095941855507569020125786e-16 4.8717433851715235435985124e-15 9.4945382964016569737886186e-03 -2.8921006318290487513422704e-01 -4.8323009965849555991113107e-01 -1.5864063085108581069304634e-02 -3.4376914940232241264184091e-16 -2.7753660389452661689642604e-17 
2.9593596501806677788231025e-15 -2.0276111190477202691590870e-15 2.7899302811835741122692411e-01 9.1591210926285950011394021e-03 -2.9253650758656120855193328e-15 3.0630402764281536063253598e-16 -1.7380100793015756943660222e-01 -5.7057500267632347418222949e-03 -3.8553046206165730003592513e-16 3.0344231050713573447145423e-16 
8.8417816389275339106714653e-16 -2.3135864065399066265771411e-15 1.0034405871390429665357402e-01 3.2942163138804732465392267e-03 4.7539542400414458598076049e-16 5.0708845228815229608883194e-16 
10 (band)
5.9474416930754374632783765e+00 (Ry)
0.0000000000000000000000000e+00 (Occupations)
2.5654677511161012589775756e-14 8.9405747995402897016452423e-16 -2.0811239299763131347242207e-16 -9.7486881601619742347206998e-16 1.9946552409113410494773105e-15 1.2250726084239972842590743e-14 1.9651012600970658756660781e-15 -1.4523322158531872170465949e-14 -1.3332000600620316776989682e-01 -2.7005330722560887402039498e+00 
-8.5604764030915597673331774e-16 -4.3485895632479164263600065e-14 -1.0510064752021711828128735e-15 5.2156732921543614668973221e-14 8.4097381733766518596695505e-02 1.7034784760780983248196208e+00 4.1978713039114723404310325e-01 -2.0724064933713176595020400e-02 -9.6462335445645834044701302e-17 3.1536643402442303848194163e-17 
-3.4920708319272603697305448e-15 2.6059997614607219916444390e-16 -2.4236421273366723361242236e-01 1.1965044468182495576713542e-02 -2.5695556248372661659536969e-15 -4.9905415197919810835836220e-16 1.6366320402783842702376660e+00 -8.0797304680875994820077324e-02 -1.0348141483550197398720225e-14 3.2273693892931541355897618e-15 
-2.2045895745010199505019448e-14 2.3579771013305170978662456e-15 -9.4490994901907887637548811e-01 4.6648345607301862358884392e-02 -2.3230989718753528078094087e-14 -2.7256004308522319517282118e-15 
