6 (index of k points)
0.5000000000000011102230246 0.5000000000000012212453271 0
10 (number of bands)
18 (number of orbitals)
1 (band)
6.9814203650748185570051874e-01 (Ry)
3.7500000000000000000000000e-01 (Occupations)
3.9818730350995468203478822e-01 2.3366160816489855407773090e-16 1.5036495052592330212704042e-01 -8.5289704469840018846689869e-17 2.2502020079119329036625548e-16 -6.2352697498046410555334320e-16 8.7966326310257848648788676e-16 1.4967064663263568435880302e-01 -2.6392235863975809505083637e-17 1.4967064663263554558092494e-01 
-1.6161595599698725113252033e-17 -1.8564309209595947668777328e-16 3.9808666601534251115528238e-16 5.4465034554931790466980601e-02 1.7166218793073357346176785e-16 5.4465034554932595378673454e-02 1.8380139377054441340852975e-01 -1.3521454395921111113625441e-15 9.8461594408082474964183504e-16 -1.1675375116591382613545757e-15 
5.4035979871079312513034480e-16 -1.1850804361903491398361857e-15 3.3002966856391664727449502e-15 5.1072276856118124994422149e-16 -5.7578946059673496993269737e-01 -1.2326732983402975637599405e-15 -5.4158733705851787310070478e-03 -7.6872658515855415743475271e-17 5.8597584559725010856131417e-16 2.9272023946924270571083475e-16 
3.7347115968316350400436202e-16 -1.1713163324673947414829079e-16 1.7605039138208383744827372e-16 8.0054692127015786056385213e-17 -3.3323861686498798539979305e-02 -7.5102403645420094653875406e-17 
2 (band)
7.6986477657609464486654360e-01 (Ry)
3.7500000000000000000000000e-01 (Occupations)
1.9014503035205324994535436e-15 -4.4268213723325569424727336e-16 3.8355884200961731493628962e-16 -1.7632232360539415325724050e-16 -2.5644342332948003027048856e-02 1.2463730795596777989331372e-01 -2.2606619509805296316992587e-15 1.9158121593589478342765749e-15 1.4407613534159206792552335e-15 2.0152762613757329543453873e-15 
-1.4729128437773075788186361e-02 7.1586897928091808296358067e-02 -6.3624252351214818156680579e-16 1.2419662420031282972678089e-15 4.3929149931695592147260589e-16 1.1308787958768608710094971e-16 2.3515835613410561957890012e-14 7.3183922354153563451893080e-15 6.5807743919002237298343516e-01 1.3540057474717764884886151e-01 
6.5807743919001837618054651e-01 1.3540057474716063468100913e-01 1.0095958071890414860148878e-14 6.0863885472943634346677378e-15 1.4744294143146850222149737e-14 5.7236666409194978396857126e-15 1.1226546096024349772428785e-15 3.6726116798980310776227066e-16 2.3376189955389595903634259e-02 4.8096916363744345382369438e-03 
2.3376189955388666091851135e-02 4.8096916363732982943601790e-03 4.9872423765938369825809990e-16 2.4692458328337140978942723e-16 7.7934414642886011090168082e-16 3.5204058182939944272224933e-16 
3 (band)
7.8530727306627090555934956e-01 (Ry)
3.7500000000000000000000000e-01 (Occupations)
-4.2225591169657232526457591e-02 2.5316186569919159420559951e-16 4.5660582152856343807201256e-03 4.1382645645138939351316355e-16 -2.5876552115096726967173151e-16 4.1336626304169466348776646e-15 -1.8615798335544532134876399e-16 -7.8847579135708251163450200e-02 3.4076471542491024178695482e-15 -7.8847579135707862585391581e-02 
8.3125262293930457759732675e-16 1.3228574842387165107694212e-15 1.7648498258835434468354592e-16 -2.3429428158747711563592020e-02 1.6899615765576540419180345e-15 -2.3429428158748932808919108e-02 -8.5001683613294287678030514e-01 -1.0731429202622494191917887e-14 2.1463352960629283652516779e-14 -2.6454997205893813974530442e-15 
1.8791682455252260804453276e-14 -1.7773761901505387177566531e-15 3.2191400647286216641185894e-15 7.2445467292600543366335164e-15 -4.5654855618029338559793473e-01 -6.5127947745275565258587182e-15 -3.2131869261652117042427079e-02 -7.4623471520480735982986483e-16 1.3423893149672650650498266e-15 4.0804343855331404231916929e-16 
1.0225015184381316037852978e-15 -1.4540469430749865037210450e-16 1.6834053659211908142192083e-16 1.9955025349925543320087533e-17 -2.1712475362369369064063918e-02 -3.0698805200277050957477469e-16 
4 (band)
8.4014887233849033787436156e-01 (Ry)
3.7500000000000000000000000e-01 (Occupations)
-2.3746690796785160652251064e-15 -2.5253517968497316775114229e-17 -1.0914868050690179294969365e-15 5.5502488181223773601985796e-16 5.0695859708141434461869895e-16 -3.4425156060905747400576213e-15 2.9470025444715969298314917e-03 2.7741834789793640148047871e-02 -2.9470025444714303963777979e-03 -2.7741834789792307880418321e-02 
-2.7555109536319403660874474e-16 3.8863677389937074276881741e-16 8.4529420457429838009488776e-04 7.9572419155395923695550664e-03 -8.4529420457443715797296591e-04 -7.9572419155378160127156661e-03 2.8008762942809727536041474e-15 -6.7392434999611182209540441e-15 -3.1431310579385167173202086e-14 7.1486228661861873308975513e-15 
1.6525822811685277749601116e-14 2.1924268667173076986938014e-18 1.0139502775476179063929294e+00 -1.0771147873029517094689567e-01 5.3700129616008258945677183e-16 -3.3685865161670380746282393e-15 3.9035290049107103420171198e-16 -1.9367282327280439003324030e-16 -1.7635024075019604384661139e-15 -3.0243533901783656007775852e-16 
-5.0253552344595821060874069e-16 -1.9777674646278014247367096e-16 3.4905456034785772856388064e-02 -3.7079907846720690581254765e-03 -1.5090838370094440448109173e-16 -1.9249322959259747750516901e-16 
5 (band)
8.6341719912281689186528411e-01 (Ry)
3.7500000000000000000000000e-01 (Occupations)
-3.0225461028973903471031654e-16 -4.6257133833368230197072812e-16 -8.4561691882004521334365701e-17 3.1131539219269956907932576e-16 2.1068789427559599465884373e-15 1.8230661480349141191942728e-16 -8.2817434260550907359821313e-16 -1.8895162294972596090938096e-15 4.5304050670460778885052727e-16 1.8444269275924923998861850e-15 
1.5491201865726977346691998e-15 -6.9802848830210647230961098e-16 -1.2062336107324634839894547e-15 -7.9202881560877716418504128e-16 8.6100502357274677169271814e-16 1.1173278678611227174447505e-15 -1.3197254845526159515252940e-15 -5.5475683997223263132359578e-16 -7.3486078244143127058407572e-01 2.7776754822695370883423038e-02 
7.3486078244143715476610623e-01 -2.7776754822710175013567024e-02 -3.3268908360694267770937892e-14 -1.6027788230394629726725274e-16 -1.2430700047314740172107611e-15 -1.3166712899430645258467926e-16 -3.4259703788312937763224348e-18 -6.0475948231300745868163218e-17 -2.1871209637367237943461618e-02 8.2670247520151693074175192e-04 
2.1871209637367220596226858e-02 -8.2670247520203170993324804e-04 -6.6070840294056198658607736e-16 -2.6930103858303558578503667e-16 1.9662337816106461163828604e-16 3.8821280932574782761451051e-17 
6 (band)
1.0132324314545284593691576e+00 (Ry)
3.7499999192347532872560123e-01 (Occupations)
-3.6084500800879337756299492e-01 -2.8210640102325319369238967e-17 -1.5132535357332865810775502e-01 8.0581901771612306488238002e-18 -5.4235753292898142821246649e-17 1.1516868347003221573868327e-15 1.1080995904234385197931644e-15 -1.8176630942168789384361105e-01 -2.1212978456583605035087322e-16 -1.8176630942168853222185021e-01 
-2.3882482335763944221107148e-17 4.3408094723503776609376852e-16 2.8990326218385999026848234e-16 -3.8438218925687772653532193e-02 3.9453464041456462462800625e-16 -3.8438218925686995497414955e-02 5.1203171018113124990378537e-01 8.1764298199656244518871752e-16 1.2280338685242538954890476e-15 7.2347720103936219208216865e-17 
6.9497542305909110534109756e-16 -1.1183036405151786635320777e-16 -3.2393459552819144418700566e-15 -5.0666428760822663822304106e-16 -7.2332352063707494593813863e-01 -2.7439919895206985469970535e-16 3.0814268688660433059833821e-02 5.7413362163796520678050604e-17 1.5579824073433082981459117e-16 -1.2799594441898289024692628e-16 
2.8902768589701586283455942e-16 1.7686280068372188586738605e-16 -6.7224123705003199210150479e-16 -3.3074515934067993744549553e-17 -3.1565975015580061135977985e-02 -1.7940945037846068182531641e-17 
7 (band)
1.8602749236737659010998414e+00 (Ry)
0.0000000000000000000000000e+00 (Occupations)
-5.0265025699720887812727179e-15 -6.9378107687238621593022325e-16 -9.8456897373764696075687854e-15 -1.8805958209111857134262697e-16 -4.5667223080436986776264874e-03 -1.6129651654828196516433536e+00 2.4511476860327144014578817e-15 1.0633069143858153810856234e-14 -2.9966888561229691335256060e-15 6.9030291974408814051393974e-15 
-1.3338573672356671476202372e-03 -4.7111808512720904085213647e-01 -7.9881621352672842475752554e-16 4.1140407710635004133529712e-15 7.1464868505014998480701096e-17 3.6767830407036347453998609e-15 -3.4296796107615286697378996e-15 1.0444212697452361744597588e-17 3.2634791658104389533434642e-01 -9.2397550965667987147439399e-04 
3.2634791658104367328974149e-01 -9.2397550965606046677325303e-04 -7.7231686709252293862178160e-16 7.7153964624574278851471850e-16 -3.2253194859875613706784854e-15 5.9469682983562949913377356e-17 -1.5744411650574190042644031e-15 -4.0783685211391974991668890e-16 6.3763642767406411571151637e-02 -1.8053139404341453930560868e-04 
6.3763642767406883415937102e-02 -1.8053139404361956193642569e-04 -5.5271835854632181953981070e-17 5.2821134227310981155946118e-16 -1.7360107895786408309219020e-15 3.7759069699666371097345628e-16 
8 (band)
2.0630928067712601681193973e+00 (Ry)
0.0000000000000000000000000e+00 (Occupations)
-5.3321829348059202047238614e-01 5.1490039000929324859528323e-16 -6.9092913538377787041611100e-01 -1.9880589108534007751313656e-15 4.0459117431306418222472426e-16 2.6587271851107100693197070e-14 -1.0521216963473082763822758e-15 1.0672560211960451237445113e+00 -5.9446004609628462643077072e-16 1.0672560211960497866812148e+00 
-3.8702267624927369279356310e-16 1.0635038607481849891224037e-14 7.1310195324559497546455453e-16 4.4864892755986485184394041e-01 8.7378469806185771246774521e-16 4.4864892755986673922308228e-01 -2.7552233056021674384439279e-01 -1.8446397384476504026559508e-16 -2.6573417546901547490727073e-15 1.9523016864532149904396199e-16 
-2.8659679805982171610058432e-15 1.9304131389877659030394101e-16 -9.1613212086781895134387371e-16 2.0095582381791883157926912e-16 -2.1857798145004864176499382e-01 2.1251470597183494083211908e-16 -3.2643049361502037009064026e-02 4.3450940116197987988812565e-16 7.1426960192502506309338163e-16 9.3466457802315090826889335e-16 
2.3633557832068125468287057e-16 -4.0648557344770981519275500e-16 -2.6111123333818048087632432e-16 -4.2834245063438165363238414e-16 -1.6010898958070024500344175e-01 -9.5167718558239197418946809e-16 
9 (band)
2.8710936925689596321831232e+00 (Ry)
0.0000000000000000000000000e+00 (Occupations)
-1.3123570164365910792679605e-14 -6.2534882487969840583125963e-15 1.6150131781183904373561226e-14 2.0243381494700049964237125e-15 2.4791739953426173606802726e-15 -7.9254428580290477280693194e-16 -1.5126423839042979491154028e-01 -2.3822269505558897328967305e+00 1.5126423839042960062251097e-01 2.3822269505559026114838161e+00 
-2.4596339715931895671901447e-15 -2.0932747534462951824838746e-16 -1.5541476983727299521209630e-02 -2.4475927500136324121982057e-01 1.5541476983725708779782160e-02 2.4475927500137317771589096e-01 3.7247456021382867964536138e-15 8.0514581990049056215217241e-16 3.0932745260481008578034386e-16 4.3296721936396927959239674e-17 
3.5100836385885886749562980e-16 -2.1516222384226482492713703e-16 1.3970257372895522607336716e-01 -8.8706927823823684270410084e-03 1.6851699713434744290106930e-15 4.0367258523185809044850854e-16 7.6627128465305326508702300e-15 -1.0582742471952779827053666e-15 -4.3428794416168439665215723e-16 3.2095006442854009526374694e-16 
1.9472898780741082728841513e-15 -3.7615064623856959333776447e-16 3.2672245000618265788061567e-03 -2.0745891802402720359259358e-04 1.4428141487992816319801092e-15 2.0635996936813084591151023e-15 
10 (band)
6.3488184903332456343605372e+00 (Ry)
0.0000000000000000000000000e+00 (Occupations)
3.2948009772125357308425464e+00 2.8094653866106507552539693e-15 -3.5906650788331133661301919e+00 8.2726741710823159987118278e-15 4.7219504733694237746314497e-15 8.0640697510313852942557188e-15 -3.7919507757732949788690207e-16 -1.2035606583348634757157924e+00 -4.7213166367459154200053643e-15 -1.2035606583348261722221650e+00 
-2.6801558100277597340777124e-15 4.7640393362622398897441596e-15 3.9717635781979480589221336e-15 -6.8163518860509153540760963e-01 -2.2875520350518413892184115e-14 -6.8163518860506389085429646e-01 -4.0618279027012121895623409e-01 -1.6096697764622383173334129e-16 -4.2851273414273350058201214e-16 -8.1562696192078357130604066e-16 
-1.4316225027829310008772444e-16 -9.4086906942273763401278593e-16 1.6008498285825863623118992e-15 7.9285063018966892390973340e-16 -1.8668449436738801527901899e-01 7.3485140391826604578163892e-16 -2.2683763222015113081297955e-01 -5.3482835075663676221455971e-15 -4.0393574982274270652720347e-15 -4.4327661252950690357808739e-15 
-2.1320827549194372084100262e-15 -5.0996197650308190862421064e-15 -6.8418171033492337536484397e-15 4.1637827536535590754829078e-15 7.9327761564437271335492596e-01 1.4055731100564910317811133e-15 
