1 (index of k points)
0 0 0
10 (number of bands)
18 (number of orbitals)
1 (band)
3.6452507138701656375090465e-01 (Ry)
3.1250000000000000000000000e-02 (Occupations)
4.0227353410606070394095468e-01 0.0000000000000000000000000e+00 2.3646282413815858380878865e-01 0.0000000000000000000000000e+00 1.3486797164483376357840658e-16 0.0000000000000000000000000e+00 3.5073701804556614440029614e-17 0.0000000000000000000000000e+00 -3.0552261931646317246226880e-16 0.0000000000000000000000000e+00 
1.5289084742676513713436938e-16 0.0000000000000000000000000e+00 4.3892521379573646804063089e-16 0.0000000000000000000000000e+00 -9.4083045520854076690997023e-17 0.0000000000000000000000000e+00 -7.8440436297169907205310862e-17 0.0000000000000000000000000e+00 7.3199612690108274378559918e-17 0.0000000000000000000000000e+00 
2.6270064378199660279759761e-17 0.0000000000000000000000000e+00 -3.8617186209470425213324416e-16 0.0000000000000000000000000e+00 4.0158681273049331442871630e-17 0.0000000000000000000000000e+00 3.0342039527317245957593578e-16 0.0000000000000000000000000e+00 6.2774111009913764656222917e-17 0.0000000000000000000000000e+00 
1.4364918440762968552190732e-17 0.0000000000000000000000000e+00 5.3802560480792084050982697e-16 0.0000000000000000000000000e+00 1.4708016564482169362981122e-16 0.0000000000000000000000000e+00 
2 (band)
8.0378663361812952015128531e-01 (Ry)
3.1250000000000000000000000e-02 (Occupations)
-2.6625605040064892760843079e-17 0.0000000000000000000000000e+00 -1.2732258040468364265928102e-16 0.0000000000000000000000000e+00 2.8634173709084431208428431e-15 0.0000000000000000000000000e+00 -6.3795420410738242615060212e-18 0.0000000000000000000000000e+00 -3.5697058069982903255435483e-16 0.0000000000000000000000000e+00 
6.4939024221608722756982349e-16 0.0000000000000000000000000e+00 -4.6997209945913332380018037e-17 0.0000000000000000000000000e+00 -3.6704117695678340850271186e-16 0.0000000000000000000000000e+00 -2.5422760870895153208653705e-15 0.0000000000000000000000000e+00 -4.0319206041821686881121423e-01 0.0000000000000000000000000e+00 
6.0313879020831895338972117e-01 0.0000000000000000000000000e+00 2.6654883994599065214774956e-15 0.0000000000000000000000000e+00 6.9900583018605388918587096e-01 0.0000000000000000000000000e+00 1.7770498552442314152715314e-16 0.0000000000000000000000000e+00 -2.1846274229846730785542519e-02 0.0000000000000000000000000e+00 
3.2680046814119963205502728e-02 0.0000000000000000000000000e+00 3.0670017739648118698785643e-16 0.0000000000000000000000000e+00 3.7874438893133986760997090e-02 0.0000000000000000000000000e+00 
3 (band)
8.0378663361813273979805672e-01 (Ry)
3.1250000000000000000000000e-02 (Occupations)
6.1760207495877566152714841e-19 0.0000000000000000000000000e+00 2.3612964609970539965431792e-17 0.0000000000000000000000000e+00 -1.9224377413595821947110889e-15 0.0000000000000000000000000e+00 -3.7606978822200726470929715e-16 0.0000000000000000000000000e+00 5.1989328021729277595407556e-16 0.0000000000000000000000000e+00 
-1.2880180884951097571135401e-17 0.0000000000000000000000000e+00 7.6067607899033661464695125e-16 0.0000000000000000000000000e+00 4.3794058555572091968204967e-16 0.0000000000000000000000000e+00 7.9085172970175881513213112e-15 0.0000000000000000000000000e+00 -2.7559179220205393123777071e-01 0.0000000000000000000000000e+00 
6.4935511541845603034062151e-01 0.0000000000000000000000000e+00 3.7385183803205537768648678e-15 0.0000000000000000000000000e+00 -7.1926106986481608274175414e-01 0.0000000000000000000000000e+00 4.2258249065005999174847598e-16 0.0000000000000000000000000e+00 -1.4932471293447218893546413e-02 0.0000000000000000000000000e+00 
3.5184199582875268219606113e-02 0.0000000000000000000000000e+00 6.3897612208077928735790397e-16 0.0000000000000000000000000e+00 -3.8971934513842419745000001e-02 0.0000000000000000000000000e+00 
4 (band)
8.0378663361814028931462417e-01 (Ry)
3.1250000000000000000000000e-02 (Occupations)
3.0429705673926034349543184e-17 0.0000000000000000000000000e+00 3.4171462061016517862293364e-17 0.0000000000000000000000000e+00 -4.8511429302457724174587574e-16 0.0000000000000000000000000e+00 3.7415819304569229252610594e-17 0.0000000000000000000000000e+00 2.2222795673927140999070314e-15 0.0000000000000000000000000e+00 
-3.7641563280080351826589268e-16 0.0000000000000000000000000e+00 -6.1689498558267893507418198e-16 0.0000000000000000000000000e+00 4.2070510271920825517677036e-16 0.0000000000000000000000000e+00 8.7736313858818998388416203e-16 0.0000000000000000000000000e+00 -8.8115532964336695798124310e-01 0.0000000000000000000000000e+00 
-4.7907298222532496145831260e-01 0.0000000000000000000000000e+00 4.0635871407393645685485854e-15 0.0000000000000000000000000e+00 -9.4888098385207925167250664e-02 0.0000000000000000000000000e+00 2.0562811861525600024963269e-17 0.0000000000000000000000000e+00 -4.7743898901464097705993339e-02 0.0000000000000000000000000e+00 
-2.5957752578136872312342120e-02 0.0000000000000000000000000e+00 -4.4367871621162736770068555e-16 0.0000000000000000000000000e+00 -5.1413497982121577484226904e-03 0.0000000000000000000000000e+00 
5 (band)
8.6362199811317896802620453e-01 (Ry)
3.1250000000000000000000000e-02 (Occupations)
2.0564123674617633832964566e-17 0.0000000000000000000000000e+00 -3.5151693956188721227113977e-17 0.0000000000000000000000000e+00 4.0156240233856036769965796e-15 0.0000000000000000000000000e+00 5.2106403137680711702216047e-16 0.0000000000000000000000000e+00 -1.8418509193886509161292360e-15 0.0000000000000000000000000e+00 
4.2280089424343163246603653e-16 0.0000000000000000000000000e+00 -8.2192178602928108320812992e-16 0.0000000000000000000000000e+00 -6.1788895570039859441479779e-16 0.0000000000000000000000000e+00 1.0339196706457003394064031e+00 0.0000000000000000000000000e+00 9.2373487999325684948006180e-16 0.0000000000000000000000000e+00 
-2.7039296860183399479879279e-15 0.0000000000000000000000000e+00 -1.6259772228085014877940750e-01 0.0000000000000000000000000e+00 7.4653989266640921962513359e-15 0.0000000000000000000000000e+00 5.2536958665195102047285047e-02 0.0000000000000000000000000e+00 7.8141926808877983955208628e-17 0.0000000000000000000000000e+00 
6.4231129292003011558728242e-17 0.0000000000000000000000000e+00 -8.2621407223913111150803701e-03 0.0000000000000000000000000e+00 4.8418189686325875636658869e-16 0.0000000000000000000000000e+00 
6 (band)
8.6362199811319406705933943e-01 (Ry)
3.1250000000000000000000000e-02 (Occupations)
2.2994476613624613410621599e-16 0.0000000000000000000000000e+00 3.1250959128035354183566479e-16 0.0000000000000000000000000e+00 1.1952661260263641475243414e-15 0.0000000000000000000000000e+00 -8.6803294792482150429755569e-16 0.0000000000000000000000000e+00 -3.2728811901839322166490542e-15 0.0000000000000000000000000e+00 
2.7037760670070730108484669e-16 0.0000000000000000000000000e+00 2.1010475816929383324664738e-16 0.0000000000000000000000000e+00 1.4226668266240240817385997e-15 0.0000000000000000000000000e+00 1.6259772228084995449037820e-01 0.0000000000000000000000000e+00 5.8055731994879839155486197e-15 0.0000000000000000000000000e+00 
-2.1711376097612260529496161e-15 0.0000000000000000000000000e+00 1.0339196706456987850941687e+00 0.0000000000000000000000000e+00 2.1788715098174579488828732e-15 0.0000000000000000000000000e+00 8.2621407223914429540645443e-03 0.0000000000000000000000000e+00 6.9920904348008320548695223e-16 0.0000000000000000000000000e+00 
4.5035067087370880108671480e-16 0.0000000000000000000000000e+00 5.2536958665190855444215856e-02 0.0000000000000000000000000e+00 3.1475838071376086056648962e-16 0.0000000000000000000000000e+00 
7 (band)
3.2407626977784422805939357e+00 (Ry)
0.0000000000000000000000000e+00 (Occupations)
-1.4959839537090749771068077e-18 0.0000000000000000000000000e+00 1.0625827008955686743522655e-17 0.0000000000000000000000000e+00 6.0862398624511271361114950e-01 0.0000000000000000000000000e+00 -1.3015048776733082469547753e+00 0.0000000000000000000000000e+00 3.6513163187569706025215055e+00 0.0000000000000000000000000e+00 
3.9789239281542307380412637e-02 0.0000000000000000000000000e+00 -8.5086835507947211620916050e-02 0.0000000000000000000000000e+00 2.3870748110980355427557242e-01 0.0000000000000000000000000e+00 7.8896432772461070399143368e-16 0.0000000000000000000000000e+00 2.5276485679612135671613403e-16 0.0000000000000000000000000e+00 
4.2390480774765136145257888e-16 0.0000000000000000000000000e+00 1.5875839737267760610459855e-15 0.0000000000000000000000000e+00 -1.0796897005774552572570491e-17 0.0000000000000000000000000e+00 2.0077522681879394854369321e-15 0.0000000000000000000000000e+00 -1.6444519482187593458859602e-15 0.0000000000000000000000000e+00 
1.4388954546915009558307566e-15 0.0000000000000000000000000e+00 3.2625974358055747694999041e-15 0.0000000000000000000000000e+00 -6.1666948058206211831988493e-16 0.0000000000000000000000000e+00 
8 (band)
3.2407626977784649291436381e+00 (Ry)
0.0000000000000000000000000e+00 (Occupations)
-7.6948905334058093533250762e-18 0.0000000000000000000000000e+00 2.8407780660100565543924823e-16 0.0000000000000000000000000e+00 2.4455003434300000009216092e+00 0.0000000000000000000000000e+00 -2.7387770920563299092975740e+00 0.0000000000000000000000000e+00 -1.3838630976988302023755750e+00 0.0000000000000000000000000e+00 
1.5987637774206911456253977e-01 0.0000000000000000000000000e+00 -1.7904956018398457406881619e-01 0.0000000000000000000000000e+00 -9.0471064518707455803792072e-02 0.0000000000000000000000000e+00 -8.1099594851379414410756847e-16 0.0000000000000000000000000e+00 -3.6009115224478766021087662e-16 0.0000000000000000000000000e+00 
-1.7386216035431483896225891e-16 0.0000000000000000000000000e+00 -6.4011796715134498375953296e-16 0.0000000000000000000000000e+00 -2.8640892097695192064920231e-16 0.0000000000000000000000000e+00 -6.2742258380884029713060781e-17 0.0000000000000000000000000e+00 -1.2333389611640948515710504e-15 0.0000000000000000000000000e+00 
4.1111298705473278008701802e-16 0.0000000000000000000000000e+00 2.5096903352351896112755457e-16 0.0000000000000000000000000e+00 1.8500084417461879326814652e-15 0.0000000000000000000000000e+00 
9 (band)
3.2407626977784809163551927e+00 (Ry)
0.0000000000000000000000000e+00 (Occupations)
-2.8376061097264596063724040e-17 0.0000000000000000000000000e+00 -2.2833253063344100155934302e-16 0.0000000000000000000000000e+00 -3.0075827297868586995832629e+00 0.0000000000000000000000000e+00 -2.4903080243780006952647454e+00 0.0000000000000000000000000e+00 -3.8634315066746566236233207e-01 0.0000000000000000000000000e+00 
-1.9662292581136198155178363e-01 0.0000000000000000000000000e+00 -1.6280571273243307772737865e-01 0.0000000000000000000000000e+00 -2.5257466702107701089774494e-02 0.0000000000000000000000000e+00 1.2331065547984567506351408e-15 0.0000000000000000000000000e+00 1.5191731209264350274958108e-17 0.0000000000000000000000000e+00 
4.3408888356005795842617507e-17 0.0000000000000000000000000e+00 -2.4723525970779390602426900e-16 0.0000000000000000000000000e+00 6.1859735480291652995382687e-16 0.0000000000000000000000000e+00 8.1564935895139428402065494e-16 0.0000000000000000000000000e+00 8.2222597410933391901047728e-16 0.0000000000000000000000000e+00 
8.2222597410945244536148674e-16 0.0000000000000000000000000e+00 2.6171297998620220279013148e-30 0.0000000000000000000000000e+00 3.7000168834923687656147835e-15 0.0000000000000000000000000e+00 
10 (band)
7.3878103128251773057399987e+00 (Ry)
0.0000000000000000000000000e+00 (Occupations)
-4.3707954578276703161421324e-01 0.0000000000000000000000000e+00 -2.3171178419827511696382771e+00 0.0000000000000000000000000e+00 1.0833109601891288797727199e-15 0.0000000000000000000000000e+00 -4.2127338223162883219302185e-15 0.0000000000000000000000000e+00 4.8597068248421931247591587e-15 0.0000000000000000000000000e+00 
-5.3161112404452000522094144e-16 0.0000000000000000000000000e+00 -7.5429153615089496597110621e-15 0.0000000000000000000000000e+00 1.0049499360384549792851384e-14 0.0000000000000000000000000e+00 -3.0056663689019569458072573e-15 0.0000000000000000000000000e+00 6.6796828122305093292874358e-16 0.0000000000000000000000000e+00 
8.1278466546052744522524242e-16 0.0000000000000000000000000e+00 8.2799732627429929491892023e-15 0.0000000000000000000000000e+00 5.9545755670481135789039321e-17 0.0000000000000000000000000e+00 -1.1527740639479513245402454e-14 0.0000000000000000000000000e+00 6.2268525243780590449394810e-15 0.0000000000000000000000000e+00 
6.7833063285449019283920962e-15 0.0000000000000000000000000e+00 3.0710391062034098219321834e-14 0.0000000000000000000000000e+00 1.7831121015454636255942688e-15 0.0000000000000000000000000e+00 
