26 (0.0424911,-2.27263e-32) (0.0572638,-5.23973e-32) (-4.39268e-17,-1.38752e-15) (1.42502e-16,-1.03999e-31) (2.43374e-16,6.27853e-32) (-3.03541e-17,-1.3958e-15) (4.55153e-17,2.58851e-31) (1.02108e-16,-5.82401e-31) (0.0902182,1.15857e-33) (-3.67061e-17,9.6289e-33) (1.82099e-16,9.00372e-32) (-6.78378e-17,-1.05922e-32) (-9.07062e-17,-3.54143e-16) (-2.76494e-16,-1.43141e-15) (-1.50162e-16,-1.18148e-15) (0.146725,-5.45335e-16) (-3.55212e-17,6.2352e-32) (1.35288e-16,-6.89868e-31) (-0.125499,4.64495e-16) (-1.28532e-16,3.19512e-31) (2.2939e-16,-5.49083e-31) (-4.98733e-18,3.06088e-16) (-4.91787e-18,1.94483e-31) (5.40847e-17,2.67464e-32) (-9.05648e-18,-1.12489e-30) (0.00962356,-3.57239e-17)
 (0.399716,-1.8513e-31) (1.02771e-16,-1.47583e-15) (1.5272e-17,9.86317e-32) (-8.64863e-17,-3.48196e-31) (5.0661e-17,-4.67755e-15) (7.70868e-17,-1.97167e-31) (-1.00506e-16,2.40404e-31) (0.163758,3.15859e-31) (9.90554e-17,9.2565e-33) (-9.15969e-17,-2.8505e-31) (-7.39981e-17,-3.38964e-32) (-1.08428e-16,9.10843e-16) (-9.29161e-17,-1.18148e-15) (3.64292e-17,1.51159e-15) (0.338806,-1.25454e-15) (-4.01155e-18,4.69157e-31) (6.40221e-17,-4.22164e-31) (0.147393,-5.35811e-16) (1.2013e-16,-8.9055e-31) (2.17708e-16,-1.19716e-30) (-4.11997e-18,5.91045e-16) (8.87419e-17,-8.22372e-32) (8.55097e-17,-4.99875e-31) (1.07065e-17,-4.02905e-31) (0.130007,-4.82967e-16)
 (0.204322,-1.08562e-31) (6.47849e-17,-1.81808e-31) (1.84434e-16,-1.44066e-31) (-0.0720097,-8.91375e-32) (-4.9753e-17,1.94134e-31) (-1.96224e-16,-3.0659e-31) (-1.13183e-16,-3.34497e-16) (4.61538e-17,-1.36348e-31) (1.21703e-16,-3.20099e-31) (2.43967e-18,6.03785e-31) (-0.244065,8.51246e-32) (-0.146725,5.45335e-16) (-0.338806,1.25454e-15) (3.82719e-17,-1.31775e-15) (-1.53157e-16,7.90305e-31) (-3.26548e-17,2.82293e-31) (6.69944e-17,-8.51072e-16) (6.67326e-17,-2.93704e-31) (1.40364e-16,-2.00682e-31) (-0.085902,3.19315e-16) (-8.39681e-17,1.16122e-31) (4.53438e-17,-3.06358e-31) (-2.87298e-16,1.10416e-30) (-1.1295e-16,1.11395e-15)
 (0.341647,-6.01853e-36) (3.1693e-17,5.83436e-32) (6.32395e-17,-7.39677e-32) (-0.198357,-1.84889e-31) (-3.98173e-17,-5.09591e-17) (1.04557e-16,-2.85068e-32) (-6.49492e-17,1.14161e-16) (-0.0805494,-8.47417e-32) (-7.78084e-18,-2.11852e-32) (4.6024e-17,1.12468e-31) (8.72444e-17,-7.52653e-31) (1.27611e-16,-5.92416e-31) (-6.85893e-17,-4.05312e-31) (-6.55942e-17,-4.45689e-17) (-0.053368,1.9816e-16) (3.78929e-17,3.4609e-31) (-7.20994e-17,4.56173e-17) (-0.165122,6.13144e-16) (6.17318e-17,-2.13634e-31) (0.0780502,-2.89842e-16) (5.79913e-17,7.21684e-16) (-3.45928e-17,2.30389e-31) (7.73849e-17,-7.85779e-32)
 (0.341647,-4.352e-32) (-3.03306e-17,3.88273e-31) (-1.76962e-17,-5.09591e-17) (-0.198357,2.7731e-31) (-6.5897e-18,-1.38956e-31) (-0.0805494,-2.08389e-31) (-4.80668e-17,1.14161e-16) (9.36522e-18,1.88711e-32) (-2.97167e-17,1.2329e-32) (1.97786e-16,-1.04275e-30) (1.15088e-16,-4.89957e-31) (-1.60035e-16,5.25779e-32) (-0.053368,1.9816e-16) (-1.69678e-17,-4.45689e-17) (1.0571e-18,5.50816e-31) (-0.165122,6.13144e-16) (2.68882e-17,4.56173e-17) (6.68817e-18,-1.08767e-31) (-5.11506e-17,7.21684e-16) (0.0780502,-2.89842e-16) (5.49081e-17,2.52778e-32) (-3.22889e-17,7.48705e-32)
 (1.28053,7.08501e-32) (3.5755e-17,3.45175e-31) (-7.17759e-17,1.84889e-31) (-1.71963e-16,-7.06538e-16) (2.21724e-17,-3.08152e-31) (3.88538e-17,-1.27883e-30) (1.01919e-17,1.0378e-30) (-0.248476,6.48653e-31) (0.125499,-4.64495e-16) (-0.147393,5.35811e-16) (-1.33802e-16,-8.51072e-16) (-8.48659e-17,1.01188e-30) (-9.87302e-17,4.03097e-31) (-5.00478e-17,2.94835e-15) (2.16732e-16,-8.00416e-31) (8.44593e-17,3.46667e-31) (-0.352718,1.31115e-15) (-3.29665e-18,-3.54467e-31) (-5.79201e-17,-1.3889e-31) (-1.31825e-16,6.0012e-31) (4.0495e-17,1.62357e-15)
 (0.66319,-7.38594e-32) (-3.44641e-17,9.59113e-32) (-1.4685e-17,-2.00357e-32) (3.68883e-17,-3.67023e-16) (0.00468004,9.24446e-32) (4.85943e-17,3.23556e-32) (5.67681e-18,-1.84889e-32) (-2.21882e-16,9.62387e-31) (-1.63931e-16,2.15396e-30) (-1.13299e-17,-2.13586e-31) (-3.41524e-17,4.56173e-17) (-0.165122,6.13144e-16) (1.56125e-17,-1.84889e-31) (-1.24033e-16,2.63235e-16) (0.110057,-4.08699e-16) (-3.792e-17,1.09008e-31) (-0.0743206,2.7595e-16) (4.29751e-17,4.12384e-16) (-6.72747e-17,3.29719e-31) (-1.07932e-16,5.12683e-31)
 (0.66319,-6.77927e-32) (5.23526e-17,-1.95681e-31) (0.00468004,-4.2217e-31) (4.83317e-17,-3.67023e-16) (3.53213e-17,4.62223e-33) (1.59822e-17,-4.62223e-32) (-9.10188e-17,-5.31364e-31) (-3.05745e-17,4.60682e-31) (1.29101e-16,-4.59527e-31) (-0.165122,6.13144e-16) (-8.06646e-17,4.56173e-17) (1.38236e-16,-4.77631e-32) (0.110057,-4.08699e-16) (-6.54858e-17,2.63235e-16) (-5.35325e-17,9.61039e-32) (6.38731e-17,4.12384e-16) (-0.0743206,2.7595e-16) (2.42319e-17,-2.93897e-31) (-3.586e-17,-7.89631e-32)
 (1.25448,-1.37764e-32) (1.04609e-19,-3.60149e-32) (-1.31186e-17,6.54794e-32) (-1.21959e-16,3.9377e-32) (3.53844e-17,-2.63646e-16) (1.78826e-17,3.06088e-16) (2.03288e-18,5.91045e-16) (0.085902,-3.19315e-16) (-2.02068e-17,-2.62408e-32) (-7.59077e-17,3.10075e-32) (0.352718,-1.31115e-15) (-6.31548e-18,1.00534e-31) (7.56231e-18,6.45187e-32) (-5.65217e-17,-1.5553e-15) (-3.47436e-17,-4.1889e-32) (-2.05973e-17,7.50691e-32) (1.68898e-17,-6.48437e-32) (0.350937,-1.30327e-15)
 (1.14065,3.23932e-32) (8.80368e-17,9.88243e-32) (-2.0388e-17,1.23004e-32) (1.96601e-16,9.07083e-32) (-3.03907e-17,1.79033e-31) (-9.37157e-17,3.89134e-31) (-3.0029e-17,-2.20278e-33) (-0.0780502,2.89842e-16) (1.46876e-16,-7.21684e-16) (5.07034e-17,3.14023e-31) (0.0743206,-2.7595e-16) (1.05954e-16,-4.12384e-16) (-2.50976e-17,-1.08394e-32) (-2.56092e-17,4.63128e-16) (0.314541,-1.16812e-15) (-3.08151e-18,2.16402e-31) (8.39088e-17,-1.69301e-31)
 (1.14065,5.70557e-33) (-7.06202e-17,-5.3926e-32) (3.183e-17,9.53275e-32) (2.7493e-16,-4.56572e-31) (6.21993e-17,1.64186e-31) (-8.40765e-17,1.57673e-31) (9.55318e-17,-7.21684e-16) (-0.0780502,2.89842e-16) (-2.57803e-17,8.18358e-31) (-8.64787e-17,-4.12384e-16) (0.0743206,-2.7595e-16) (6.67716e-18,-2.91604e-31) (0.314541,-1.16812e-15) (1.37372e-17,4.63128e-16) (1.6274e-17,2.36631e-31) (-2.10284e-17,-2.67385e-31)
 (1.2603,1.31934e-32) (4.22699e-17,-3.98556e-31) (-2.11623e-17,-9.09376e-31) (-2.27411e-17,-1.29422e-31) (2.23596e-16,-1.00682e-30) (-2.33036e-17,9.74039e-32) (2.95852e-17,-9.61521e-32) (9.0104e-17,-3.41997e-31) (-9.05309e-18,-8.51261e-32) (1.61546e-17,-9.95706e-32) (4.65021e-19,-1.44198e-31) (3.60472e-17,-5.48228e-32) (-1.06065e-17,2.51942e-31) (-2.18865e-17,-1.7131e-15) (-1.28798e-16,5.96822e-31)
 (1.24121,-1.1685e-32) (0.00962356,-3.57239e-17) (0.130007,-4.82967e-16) (-8.91079e-17,-1.11395e-15) (-9.86082e-17,5.09794e-31) (-3.01476e-17,-1.64186e-32) (-1.24277e-16,-1.62357e-15) (6.13658e-17,-1.89512e-31) (-2.64274e-17,1.85082e-31) (0.350937,-1.30327e-15) (-5.33123e-18,2.62209e-31) (6.12261e-17,4.9683e-32) (-9.74901e-17,3.25482e-31) (9.3072e-18,6.30351e-16)
 (0.0424911,-2.23419e-32) (0.0572638,3.35897e-31) (7.4459e-17,-1.38752e-15) (-6.06882e-17,-1.38697e-32) (-1.33425e-16,3.46667e-33) (6.41621e-17,-1.3958e-15) (1.191e-16,-3.17399e-31) (1.92338e-16,9.09039e-32) (0.0902182,-4.78669e-32) (3.30644e-17,5.8066e-32) (-1.95444e-17,6.99111e-32) (-2.36743e-16,-1.82478e-32) (-1.33841e-16,3.54143e-16)
 (0.399716,2.09373e-31) (7.03351e-17,-1.47583e-15) (-1.76185e-16,-3.08125e-31) (8.78161e-17,8.62696e-32) (-4.21839e-17,-4.67755e-15) (-1.9082e-17,-9.85595e-32) (-1.43115e-17,-1.04795e-31) (0.163758,8.0871e-32) (-5.51664e-17,3.22022e-31) (5.57227e-17,4.82247e-31) (-1.20834e-16,-1.92593e-32) (4.21746e-17,-9.10843e-16)
 (0.204322,-5.08265e-33) (1.62014e-16,2.86578e-31) (3.12566e-18,4.69874e-32) (-0.0720097,3.00565e-31) (3.93074e-17,3.45133e-31) (-6.13032e-17,-1.26365e-31) (6.66248e-17,-3.34497e-16) (-8.82354e-17,1.61695e-32) (-4.81194e-17,-7.01129e-32) (-2.60751e-17,7.07015e-31) (0.244065,1.47522e-31)
 (0.341647,-1.84829e-32) (-2.67269e-17,1.86936e-32) (9.61552e-18,-5.45417e-31) (-0.198357,-1.97215e-31) (3.03577e-18,5.09591e-17) (5.68313e-17,-2.44593e-32) (4.68964e-17,1.14161e-16) (0.0805494,-1.42711e-31) (-1.19609e-16,-4.27556e-32) (-3.88826e-17,7.28032e-32)
 (0.341647,-7.32756e-33) (-9.9052e-18,-6.22403e-31) (-1.40963e-17,5.09591e-17) (-0.198357,2.71162e-31) (-6.17112e-17,-1.63704e-32) (0.0805494,-4.00578e-32) (-5.73979e-17,1.14161e-16) (3.661e-17,-3.75549e-32) (4.02235e-17,6.52928e-32)
 (1.28053,5.5876e-32) (5.13539e-17,4.06756e-31) (1.73286e-17,-1.91028e-31) (-5.33091e-17,-7.06538e-16) (6.26283e-17,-3.98279e-31) (-6.31941e-17,1.58167e-32) (9.97424e-18,1.15952e-30) (0.248476,8.68989e-31)
 (0.66319,9.86076e-32) (6.657e-17,3.47823e-31) (1.17356e-17,-4.39172e-32) (-1.96664e-17,-3.67023e-16) (-0.00468004,-5.85453e-32) (4.87281e-17,2.92741e-32) (7.75764e-17,1.97215e-31)
 (0.66319,-2.16306e-32) (-6.07695e-17,-3.54461e-32) (-0.00468004,-4.00533e-32) (-1.96499e-17,-3.67023e-16) (1.0449e-17,5.85483e-32) (-2.71601e-18,1.32504e-31)
 (1.25448,-2.6673e-32) (4.87251e-17,-2.90815e-32) (1.13179e-18,6.48544e-32) (-9.54027e-17,3.15469e-32) (5.63719e-17,2.63646e-16)
 (1.14065,3.2558e-32) (2.73807e-17,-4.16057e-32) (6.83031e-17,6.54891e-33) (-3.87879e-17,1.74103e-31)
 (1.14065,4.51016e-32) (2.34066e-17,-5.83553e-32) (2.44731e-17,-1.28943e-31)
 (1.2603,-1.18452e-32) (1.98921e-17,3.49829e-31)
 (1.24121,1.89704e-32)
