26 (-0.0279328,-1.57922e-32) (0.0808855,2.13263e-17) (0.0186946,-8.95038e-16) (-0.0186946,8.95039e-16) (-0.0186946,8.95038e-16) (0.0282377,-1.19697e-15) (-0.0282377,1.19698e-15) (-0.0282377,1.19697e-15) (-3.77875e-17,-1.09056e-32) (-0.0862527,1.78127e-16) (-0.0862527,1.78126e-16) (-9.12286e-17,-1.3e-33) (0.0862527,-1.78127e-16) (0.171743,-2.23794e-15) (0.175747,-1.37335e-15) (0.0961396,6.08956e-17) (-0.0961396,-6.0205e-17) (-0.0961396,-6.08956e-17) (-0.0252506,9.47148e-16) (0.0252506,-9.44992e-16) (0.0252506,-9.47148e-16) (7.00395e-17,5.52014e-20) (0.0188512,-1.8039e-16) (0.0188512,-1.80388e-16) (1.28691e-16,-9.56115e-20) (-0.0188512,1.8039e-16)
 (0.633709,-2.09156e-31) (-0.0394127,-3.55826e-16) (0.0394127,3.55815e-16) (0.0394127,3.55826e-16) (-0.0465076,-2.25585e-15) (0.0465076,2.25581e-15) (0.0465076,2.25585e-15) (-5.85639e-17,2.92681e-32) (-0.104423,-4.70876e-16) (-0.104423,-4.70867e-16) (-3.71441e-17,-1.23506e-31) (0.104423,4.70876e-16) (0.175747,-1.37335e-15) (0.0769402,1.57847e-15) (0.153788,-4.24237e-16) (-0.153788,4.19896e-16) (-0.153788,4.24237e-16) (0.141664,8.61678e-16) (-0.141664,-8.7409e-16) (-0.141664,-8.61678e-16) (4.27176e-17,-9.24528e-19) (-0.0193561,-1.97059e-16) (-0.0193561,-1.97098e-16) (6.64345e-17,1.60133e-18) (0.0193561,1.97059e-16)
 (0.279317,-5.24981e-32) (0.0658144,-6.94411e-21) (0.0658144,-8.87432e-33) (-0.224344,2.17393e-17) (-0.0640419,-1.58011e-18) (-0.0640419,-1.5554e-18) (-0.0114672,4.53746e-17) (0.0392151,2.83312e-17) (0.0392151,2.83307e-17) (1.34947e-17,-1.6429e-21) (-0.119642,-6.27068e-17) (-0.0961396,-6.08956e-17) (-0.153788,4.24237e-16) (0.0278538,-5.29949e-16) (0.00649723,3.37635e-16) (0.00649723,3.37907e-16) (-0.0687566,-8.65723e-17) (0.116513,-3.08228e-17) (0.116513,-2.98915e-17) (-0.0682406,2.66343e-16) (-0.0508365,9.30136e-17) (-0.0508365,9.31101e-17) (-1.79122e-16,-2.55749e-20) (-0.0941063,1.19423e-15)
 (0.279317,3.23436e-32) (-0.0658144,-6.94411e-21) (-0.0640419,-1.53113e-18) (-0.224344,2.17393e-17) (0.0640419,1.53113e-18) (-0.00573358,2.26846e-17) (-0.0392151,-2.83356e-17) (-0.119642,-6.27068e-17) (0.00993085,-3.92909e-17) (0.0392151,2.83356e-17) (0.0961396,6.0205e-17) (0.153788,-4.19896e-16) (0.00649723,3.37635e-16) (0.0278538,-5.27178e-16) (-0.00649723,-3.37635e-16) (0.116513,-3.08208e-17) (-0.0687566,-7.83048e-17) (-0.116513,3.08208e-17) (-0.0341203,1.33617e-16) (0.0508365,-9.3158e-17) (-0.0941063,1.19418e-15) (0.0590981,-2.31431e-16) (-0.0508365,9.3158e-17)
 (0.279317,6.0095e-32) (-0.0640419,-1.5554e-18) (0.0640419,1.58011e-18) (-0.224344,2.17393e-17) (-0.00573358,2.26859e-17) (-0.119642,-6.27068e-17) (-0.0392151,-2.83307e-17) (-0.00993085,3.92963e-17) (0.0392151,2.83312e-17) (0.0961396,6.08956e-17) (0.153788,-4.24237e-16) (0.00649723,3.37907e-16) (-0.00649723,-3.37635e-16) (0.0278538,-5.29949e-16) (0.116513,-2.98915e-17) (-0.116513,3.08228e-17) (-0.0687566,-8.65723e-17) (-0.0341203,1.33149e-16) (-0.0941063,1.19423e-15) (0.0508365,-9.31101e-17) (-0.0590981,2.30673e-16) (-0.0508365,9.30136e-17)
 (0.937196,7.55928e-32) (-0.301946,-8.67975e-20) (-0.301946,1.56723e-31) (-0.00138089,2.44372e-16) (0.0771942,5.01206e-16) (0.0771942,5.01204e-16) (4.66054e-17,-5.4614e-21) (-0.0490753,-2.66014e-16) (0.0252506,-9.47148e-16) (-0.141664,-8.61678e-16) (-0.0687566,-8.65723e-17) (0.116513,-3.08208e-17) (0.116513,-2.98915e-17) (-0.329227,1.81251e-15) (0.169383,-7.58868e-16) (0.169383,-7.55709e-16) (-0.0302022,3.11244e-16) (0.105626,-1.1011e-15) (0.105626,-1.10074e-15) (-6.67733e-17,-1.05772e-19) (-0.0873678,9.87011e-16)
 (0.937196,3.69779e-32) (0.301946,-8.67975e-20) (-0.000690447,1.22177e-16) (-0.0771942,-5.01221e-16) (-0.0490753,-2.66014e-16) (0.00119589,-2.11617e-16) (0.0771942,5.01221e-16) (-0.0252506,9.44992e-16) (0.141664,8.7409e-16) (0.116513,-3.08228e-17) (-0.0687566,-7.83048e-17) (-0.116513,3.08228e-17) (0.169383,-7.58868e-16) (-0.329227,1.83643e-15) (-0.169383,7.58868e-16) (-0.0151011,1.57504e-16) (-0.105626,1.10054e-15) (-0.0873678,9.86861e-16) (0.0261558,-2.72804e-16) (0.105626,-1.10054e-15)
 (0.937196,-9.24928e-32) (-0.000690447,1.22181e-16) (-0.0490753,-2.66014e-16) (-0.0771942,-5.01204e-16) (-0.00119589,2.11635e-16) (0.0771942,5.01206e-16) (-0.0252506,9.47148e-16) (0.141664,8.61678e-16) (0.116513,-2.98915e-17) (-0.116513,3.08208e-17) (-0.0687566,-8.65723e-17) (0.169383,-7.55709e-16) (-0.169383,7.58868e-16) (-0.329227,1.81251e-15) (-0.0151011,1.5553e-16) (-0.0873678,9.87011e-16) (-0.105626,1.10074e-15) (-0.0261558,2.69598e-16) (0.105626,-1.1011e-15)
 (1.31147,1.86815e-32) (0.0261741,-6.04764e-17) (0.0261741,-6.04776e-17) (-9.06279e-17,-7.58485e-33) (0.0523482,-1.20957e-16) (1.09606e-16,5.52014e-20) (1.81604e-18,-9.24528e-19) (0.0682406,-2.66343e-16) (0.0341203,-1.33617e-16) (0.0341203,-1.33149e-16) (0.0302022,-3.11244e-16) (0.0151011,-1.57504e-16) (0.0151011,-1.5553e-16) (0.227332,-2.52389e-15) (0.093907,-3.28354e-16) (0.093907,-3.28388e-16) (3.0876e-17,-3.49539e-19) (0.187814,-6.56692e-16)
 (1.20273,4.43506e-32) (-0.027246,7.39421e-22) (0.0453348,1.04754e-16) (0.027246,-7.24375e-32) (0.0188512,-1.8039e-16) (-0.0193561,-1.97059e-16) (0.0508365,-9.30136e-17) (-0.0508365,9.3158e-17) (0.0941063,-1.19423e-15) (-0.105626,1.1011e-15) (0.105626,-1.10054e-15) (0.0873678,-9.87011e-16) (0.093907,-3.28354e-16) (-0.0498862,7.48882e-16) (0.189012,-6.53946e-16) (0.162652,-5.68707e-16) (-0.189012,6.54053e-16)
 (1.20273,9.30672e-33) (-0.0453348,-1.0475e-16) (0.027246,7.39421e-22) (0.0188512,-1.80388e-16) (-0.0193561,-1.97098e-16) (0.0508365,-9.31101e-17) (0.0941063,-1.19418e-15) (-0.0508365,9.31101e-17) (-0.105626,1.10074e-15) (0.0873678,-9.86861e-16) (0.105626,-1.10074e-15) (0.093907,-3.28388e-16) (0.189012,-6.53946e-16) (-0.0498862,7.48886e-16) (-0.162652,5.68785e-16) (-0.189012,6.53946e-16)
 (1.31147,9.16622e-33) (4.40027e-17,2.64582e-21) (1.26926e-16,-9.56115e-20) (-2.16569e-17,1.60133e-18) (1.4136e-16,2.55749e-20) (-0.0590981,2.31431e-16) (0.0590981,-2.30673e-16) (4.43506e-17,1.05772e-19) (-0.0261558,2.72804e-16) (0.0261558,-2.69598e-16) (2.82206e-17,-3.49539e-19) (0.162652,-5.68707e-16) (-0.162652,5.68785e-16) (0.227332,-2.52349e-15) (-7.41001e-17,-9.54569e-21)
 (1.20273,-4.42813e-33) (-0.0188512,1.8039e-16) (0.0193561,1.97059e-16) (0.0941063,-1.19423e-15) (0.0508365,-9.3158e-17) (0.0508365,-9.30136e-17) (0.0873678,-9.87011e-16) (-0.105626,1.10054e-15) (-0.105626,1.1011e-15) (0.187814,-6.56692e-16) (-0.189012,6.54053e-16) (-0.189012,6.53946e-16) (-5.76999e-17,-9.54569e-21) (-0.0498862,7.48882e-16)
 (-0.0279328,-1.61267e-32) (0.0808855,-2.13263e-17) (-0.0186946,-8.95038e-16) (0.0186946,8.95039e-16) (0.0186946,8.95038e-16) (-0.0282377,-1.19697e-15) (0.0282377,1.19698e-15) (0.0282377,1.19697e-15) (-9.61202e-18,-2.0486e-32) (-0.0862527,-1.78127e-16) (-0.0862527,-1.78126e-16) (-2.41756e-16,2.32342e-32) (0.0862527,1.78127e-16)
 (0.633709,-2.65297e-31) (0.0394127,-3.55826e-16) (-0.0394127,3.55815e-16) (-0.0394127,3.55826e-16) (0.0465076,-2.25585e-15) (-0.0465076,2.25581e-15) (-0.0465076,2.25585e-15) (1.06794e-17,2.56898e-31) (-0.104423,4.70876e-16) (-0.104423,4.70867e-16) (-7.57408e-17,-2.3979e-31) (0.104423,-4.70876e-16)
 (0.279317,1.3e-32) (0.0658144,6.94411e-21) (0.0658144,1.70646e-31) (-0.224344,-2.17393e-17) (-0.0640419,1.58011e-18) (-0.0640419,1.5554e-18) (0.0114672,4.53746e-17) (-0.0392151,2.83312e-17) (-0.0392151,2.83307e-17) (-3.69131e-17,-1.6429e-21) (0.119642,-6.27068e-17)
 (0.279317,1.15435e-32) (-0.0658144,6.94411e-21) (-0.0640419,1.53113e-18) (-0.224344,-2.17393e-17) (0.0640419,-1.53113e-18) (0.00573358,2.26846e-17) (0.0392151,-2.83356e-17) (0.119642,-6.27068e-17) (-0.00993085,-3.92909e-17) (-0.0392151,2.83356e-17)
 (0.279317,-1.57836e-33) (-0.0640419,1.5554e-18) (0.0640419,-1.58011e-18) (-0.224344,-2.17393e-17) (0.00573358,2.26859e-17) (0.119642,-6.27068e-17) (0.0392151,-2.83307e-17) (0.00993085,3.92963e-17) (-0.0392151,2.83312e-17)
 (0.937196,-2.45075e-31) (-0.301946,8.67975e-20) (-0.301946,-3.96501e-31) (0.00138089,2.44372e-16) (-0.0771942,5.01206e-16) (-0.0771942,5.01204e-16) (1.47595e-17,-5.4614e-21) (0.0490753,-2.66014e-16)
 (0.937196,3.9443e-31) (0.301946,8.67975e-20) (0.000690447,1.22177e-16) (0.0771942,-5.01221e-16) (0.0490753,-2.66014e-16) (-0.00119589,-2.11617e-16) (-0.0771942,5.01221e-16)
 (0.937196,1.53834e-31) (0.000690447,1.22181e-16) (0.0490753,-2.66014e-16) (0.0771942,-5.01204e-16) (0.00119589,2.11635e-16) (-0.0771942,5.01206e-16)
 (1.31147,-1.80116e-32) (0.0261741,6.04764e-17) (0.0261741,6.04776e-17) (-7.71364e-17,1.58694e-32) (0.0523482,1.20957e-16)
 (1.20273,1.52051e-32) (-0.027246,-7.39421e-22) (0.0453348,-1.04754e-16) (0.027246,7.95229e-32)
 (1.20273,-8.00126e-33) (-0.0453348,1.0475e-16) (0.027246,-7.39421e-22)
 (1.31147,-2.81667e-33) (3.02446e-17,-2.64582e-21)
 (1.20273,4.39074e-32)
