26 (0.984496,2.22926e-32) (0.320787,-4.77438e-31) (-3.08998e-17,2.22041e-15) (-3.46267e-18,-2.22041e-15) (5.21095e-18,-2.22041e-15) (1.0842e-18,4.98105e-15) (-4.47233e-18,-4.98105e-15) (2.46656e-18,-4.98105e-15) (-2.5411e-18,5.05557e-34) (0.14565,5.82594e-33) (0.14565,-8.90743e-33) (-1.59847e-18,1.98268e-33) (-0.14565,-1.73815e-32) (-0.449032,5.55914e-15) (0.201052,-4.38653e-15) (-0.484653,8.67219e-16) (0.484653,-8.67757e-16) (0.484653,-8.67219e-16) (-0.557892,-2.68093e-16) (0.557892,2.66233e-16) (0.557892,2.68093e-16) (4.48085e-17,5.79703e-20) (-0.313526,1.38112e-15) (-0.313526,1.38111e-15) (4.84994e-17,-1.00408e-19) (0.313526,-1.38112e-15)
 (0.618105,-1.43289e-31) (4.77049e-18,-4.09605e-15) (1.58836e-17,4.09605e-15) (2.28225e-17,4.09605e-15) (1.73472e-17,-4.78261e-15) (3.38271e-17,4.78261e-15) (1.99493e-17,4.78261e-15) (-3.09269e-17,3.85186e-33) (-0.212757,-5.34446e-33) (-0.212757,9.41298e-33) (8.00943e-18,-3.2102e-33) (0.212757,5.77779e-33) (0.201052,-4.38653e-15) (0.316342,-1.46506e-15) (0.0038461,2.49222e-15) (-0.0038461,-2.48755e-15) (-0.0038461,-2.49222e-15) (-0.00514159,3.57609e-15) (0.00514159,-3.55989e-15) (0.00514159,-3.57609e-15) (1.59547e-17,-4.13946e-19) (-0.179257,-5.51197e-16) (-0.179257,-5.51103e-16) (-1.26581e-17,7.16976e-19) (0.179257,5.51197e-16)
 (1.04684,1.99093e-32) (-0.446618,1.54074e-33) (-0.446618,4.08297e-32) (0.237706,-3.1359e-31) (-0.730928,-6.16298e-33) (-0.730928,-1.41748e-31) (2.01933e-18,-5.83197e-17) (-6.37646e-18,5.1524e-16) (-2.46995e-18,5.1524e-16) (2.66477e-18,-2.95137e-31) (6.77626e-21,-2.98388e-18) (0.484653,-8.67219e-16) (-0.0038461,-2.49222e-15) (-0.219647,1.77008e-15) (0.502896,-3.19784e-15) (0.502896,-3.19796e-15) (-0.570974,5.49677e-15) (0.418215,-4.46665e-15) (0.418215,-4.46708e-15) (-0.226979,9.57285e-16) (0.00654876,-3.09434e-16) (0.00654876,-3.0948e-16) (-3.07037e-17,6.12756e-21) (-0.371903,3.72255e-15)
 (1.04684,-2.00297e-32) (0.446618,-5.12297e-32) (-0.730928,-6.16298e-33) (0.237706,-2.95823e-31) (0.730928,-4.31408e-32) (4.72983e-18,-2.91598e-17) (-1.20279e-19,-5.1524e-16) (0,-2.98388e-18) (9.28348e-19,5.05063e-17) (-1.30646e-17,5.1524e-16) (-0.484653,8.67757e-16) (0.0038461,2.48755e-15) (0.502896,-3.19784e-15) (-0.219647,1.76752e-15) (-0.502896,3.19784e-15) (0.418215,-4.46665e-15) (-0.570974,5.48795e-15) (-0.418215,4.46665e-15) (-0.11349,4.78852e-16) (-0.00654876,3.09493e-16) (-0.371903,3.72255e-15) (0.19657,-8.29396e-16) (0.00654876,-3.09493e-16)
 (1.04684,2.14549e-31) (-0.730928,-1.41748e-31) (0.730928,-4.31408e-32) (0.237706,-7.2415e-32) (1.25361e-18,-2.91598e-17) (0,-2.98388e-18) (4.967e-18,-5.1524e-16) (-2.64274e-18,-5.05063e-17) (-1.5992e-18,5.1524e-16) (-0.484653,8.67219e-16) (0.0038461,2.49222e-15) (0.502896,-3.19796e-15) (-0.502896,3.19784e-15) (-0.219647,1.77008e-15) (0.418215,-4.46708e-15) (-0.418215,4.46665e-15) (-0.570974,5.49677e-15) (-0.11349,4.78648e-16) (-0.371903,3.72255e-15) (-0.00654876,3.0948e-16) (-0.19657,8.2903e-16) (0.00654876,-3.09434e-16)
 (1.2529,-1.01497e-31) (-0.744522,-1.84889e-31) (-0.744522,-6.16298e-33) (-8.29415e-18,2.54612e-16) (2.54788e-18,6.40021e-17) (-5.24483e-18,6.40021e-17) (-7.45389e-20,-4.75223e-31) (1.35525e-20,7.82495e-18) (0.557892,2.68093e-16) (0.00514159,-3.57609e-15) (-0.570974,5.49677e-15) (0.418215,-4.46665e-15) (0.418215,-4.46708e-15) (-0.513922,6.7353e-15) (0.548736,-7.14083e-15) (0.548736,-7.14231e-15) (0.121164,-2.82171e-16) (0.325749,-1.8115e-15) (0.325749,-1.81167e-15) (3.27785e-17,2.02151e-20) (-0.0594916,-5.38965e-16)
 (1.2529,-1.26341e-31) (0.744522,1.04771e-31) (8.0231e-18,1.27306e-16) (-2.92735e-18,-6.40021e-17) (0,7.82495e-18) (7.18284e-18,-2.20501e-16) (2.54788e-18,6.40021e-17) (-0.557892,-2.66233e-16) (-0.00514159,3.55989e-15) (0.418215,-4.46665e-15) (-0.570974,5.48795e-15) (-0.418215,4.46665e-15) (0.548736,-7.14083e-15) (-0.513922,6.70482e-15) (-0.548736,7.14083e-15) (0.0605818,-1.40389e-16) (-0.325749,1.81171e-15) (-0.0594916,-5.38965e-16) (-0.104931,2.43161e-16) (0.325749,-1.81171e-15)
 (1.2529,2.86578e-31) (-1.97596e-17,1.27306e-16) (0,7.82495e-18) (-2.76472e-18,-6.40021e-17) (-1.42302e-19,2.20501e-16) (-1.84314e-18,6.40021e-17) (-0.557892,-2.68093e-16) (-0.00514159,3.57609e-15) (0.418215,-4.46708e-15) (-0.418215,4.46665e-15) (-0.570974,5.49677e-15) (0.548736,-7.14231e-15) (-0.548736,7.14083e-15) (-0.513922,6.7353e-15) (0.0605818,-1.41068e-16) (-0.0594916,-5.38965e-16) (-0.325749,1.81167e-15) (0.104931,-2.44377e-16) (0.325749,-1.8115e-15)
 (1.00332,3.57741e-32) (0.0860549,2.60001e-33) (0.0860549,-4.95927e-33) (-7.56554e-18,4.09276e-33) (0.17211,4.23705e-33) (4.48085e-17,5.79703e-20) (1.59547e-17,-4.13946e-19) (0.226979,-9.57285e-16) (0.11349,-4.78852e-16) (0.11349,-4.78648e-16) (-0.121164,2.82171e-16) (-0.0605818,1.40389e-16) (-0.0605818,1.41068e-16) (0.385235,-3.98737e-15) (0.143941,-5.02518e-16) (0.143941,-5.02516e-16) (4.41092e-17,7.74191e-20) (0.287882,-1.00504e-15)
 (0.996387,4.63246e-32) (0.0829355,3.04538e-33) (0.149051,7.89631e-33) (-0.0829355,-1.30963e-32) (-0.313526,1.38112e-15) (-0.179257,-5.51197e-16) (-0.00654876,3.09434e-16) (0.00654876,-3.09493e-16) (0.371903,-3.72255e-15) (-0.325749,1.8115e-15) (0.325749,-1.81171e-15) (0.0594916,5.38965e-16) (0.143941,-5.02518e-16) (-0.0359087,5.57517e-16) (0.117396,-6.07727e-16) (0.249313,-8.70396e-16) (-0.117396,6.07713e-16)
 (0.996387,2.07098e-32) (-0.149051,-1.03037e-32) (-0.0829355,5.77779e-34) (-0.313526,1.38111e-15) (-0.179257,-5.51103e-16) (-0.00654876,3.0948e-16) (0.371903,-3.72255e-15) (0.00654876,-3.0948e-16) (-0.325749,1.81167e-15) (0.0594916,5.38965e-16) (0.325749,-1.81167e-15) (0.143941,-5.02516e-16) (0.117396,-6.07727e-16) (-0.0359087,5.57561e-16) (-0.249313,8.70384e-16) (-0.117396,6.07727e-16)
 (1.00332,4.41038e-32) (-6.27683e-17,2.97039e-34) (4.84994e-17,-1.00408e-19) (-1.26581e-17,7.16976e-19) (3.07037e-17,-6.12756e-21) (-0.19657,8.29396e-16) (0.19657,-8.2903e-16) (-3.27785e-17,-2.02151e-20) (0.104931,-2.43161e-16) (-0.104931,2.44377e-16) (4.41092e-17,7.74191e-20) (0.249313,-8.70396e-16) (-0.249313,8.70384e-16) (0.385235,-3.98746e-15) (1.29257e-17,5.14831e-21)
 (0.996387,-4.00593e-32) (0.313526,-1.38112e-15) (0.179257,5.51197e-16) (0.371903,-3.72255e-15) (-0.00654876,3.09493e-16) (-0.00654876,3.09434e-16) (0.0594916,5.38965e-16) (-0.325749,1.81171e-15) (-0.325749,1.8115e-15) (0.287882,-1.00504e-15) (-0.117396,6.07713e-16) (-0.117396,6.07727e-16) (1.29257e-17,5.14831e-21) (-0.0359087,5.57517e-16)
 (0.984496,2.22926e-32) (0.320787,-4.77438e-31) (-3.08998e-17,2.22041e-15) (-3.46267e-18,-2.22041e-15) (5.21095e-18,-2.22041e-15) (1.0842e-18,4.98105e-15) (-4.47233e-18,-4.98105e-15) (2.46656e-18,-4.98105e-15) (-2.5411e-18,5.05557e-34) (0.14565,5.82594e-33) (0.14565,-8.90743e-33) (-1.59847e-18,1.98268e-33) (-0.14565,-1.73815e-32)
 (0.618105,-1.43289e-31) (4.77049e-18,-4.09605e-15) (1.58836e-17,4.09605e-15) (2.28225e-17,4.09605e-15) (1.73472e-17,-4.78261e-15) (3.38271e-17,4.78261e-15) (1.99493e-17,4.78261e-15) (-3.09269e-17,3.85186e-33) (-0.212757,-5.34446e-33) (-0.212757,9.41298e-33) (8.00943e-18,-3.2102e-33) (0.212757,5.77779e-33)
 (1.04684,1.99093e-32) (-0.446618,1.54074e-33) (-0.446618,4.08297e-32) (0.237706,-3.1359e-31) (-0.730928,-6.16298e-33) (-0.730928,-1.41748e-31) (2.01933e-18,-5.83197e-17) (-6.37646e-18,5.1524e-16) (-2.46995e-18,5.1524e-16) (2.66477e-18,-2.95137e-31) (6.77626e-21,-2.98388e-18)
 (1.04684,-2.00297e-32) (0.446618,-5.12297e-32) (-0.730928,-6.16298e-33) (0.237706,-2.95823e-31) (0.730928,-4.31408e-32) (4.72983e-18,-2.91598e-17) (-1.20279e-19,-5.1524e-16) (0,-2.98388e-18) (9.28348e-19,5.05063e-17) (-1.30646e-17,5.1524e-16)
 (1.04684,2.14549e-31) (-0.730928,-1.41748e-31) (0.730928,-4.31408e-32) (0.237706,-7.2415e-32) (1.25361e-18,-2.91598e-17) (0,-2.98388e-18) (4.967e-18,-5.1524e-16) (-2.64274e-18,-5.05063e-17) (-1.5992e-18,5.1524e-16)
 (1.2529,-1.01497e-31) (-0.744522,-1.84889e-31) (-0.744522,-6.16298e-33) (-8.29415e-18,2.54612e-16) (2.54788e-18,6.40021e-17) (-5.24483e-18,6.40021e-17) (-7.45389e-20,-4.75223e-31) (1.35525e-20,7.82495e-18)
 (1.2529,-1.26341e-31) (0.744522,1.04771e-31) (8.0231e-18,1.27306e-16) (-2.92735e-18,-6.40021e-17) (0,7.82495e-18) (7.18284e-18,-2.20501e-16) (2.54788e-18,6.40021e-17)
 (1.2529,2.86578e-31) (-1.97596e-17,1.27306e-16) (0,7.82495e-18) (-2.76472e-18,-6.40021e-17) (-1.42302e-19,2.20501e-16) (-1.84314e-18,6.40021e-17)
 (1.00332,3.57741e-32) (0.0860549,2.60001e-33) (0.0860549,-4.95927e-33) (-7.56554e-18,4.09276e-33) (0.17211,4.23705e-33)
 (0.996387,4.63246e-32) (0.0829355,3.04538e-33) (0.149051,7.89631e-33) (-0.0829355,-1.30963e-32)
 (0.996387,2.07098e-32) (-0.149051,-1.03037e-32) (-0.0829355,5.77779e-34)
 (1.00332,4.41038e-32) (-6.27683e-17,2.97039e-34)
 (0.996387,-4.00593e-32)
