26 (-0.354957,0) (0.623904,0) (-9.1957e-17,0) (5.31644e-17,0) (2.69776e-16,0) (-7.36982e-18,0) (7.67353e-17,0) (8.74706e-17,0) (-7.08689e-17,0) (-8.50072e-17,0) (2.39291e-16,0) (-1.7167e-16,0) (-1.30171e-16,0) (-0.580204,0) (0.271665,0) (-2.56787e-17,0) (3.35086e-17,0) (-6.91382e-17,0) (2.46724e-16,0) (1.51246e-17,0) (5.27735e-17,0) (-1.81191e-16,0) (6.49945e-17,0) (6.66073e-17,0) (-3.49056e-16,0) (-1.16423e-16,0)
 (0.968895,0) (1.81711e-16,0) (-3.50299e-17,0) (-5.43795e-17,0) (2.18922e-16,0) (8.23045e-17,0) (1.08468e-16,0) (9.30144e-17,0) (2.66307e-17,0) (-1.33665e-16,0) (1.78752e-16,0) (-6.07831e-18,0) (0.271665,0) (0.195812,0) (-4.08744e-17,0) (1.46801e-16,0) (-8.14778e-17,0) (1.24629e-16,0) (-8.50015e-17,0) (-1.3314e-16,0) (-4.23923e-17,0) (4.39915e-17,0) (-9.00769e-17,0) (1.71846e-17,0) (1.06089e-16,0)
 (0.350169,0) (-7.01767e-19,0) (1.25456e-16,0) (-0.321774,0) (1.18314e-17,0) (-2.70932e-17,0) (-9.50745e-17,0) (-2.627e-17,0) (8.88519e-17,0) (-2.50446e-17,0) (-0.0783383,0) (-3.9911e-16,0) (2.87043e-17,0) (-0.024668,0) (4.71221e-17,0) (8.35988e-17,0) (-0.00275299,0) (9.62772e-17,0) (9.62094e-17,0) (3.5201e-17,0) (-6.84708e-17,0) (-3.78967e-17,0) (6.1376e-18,0) (0.205297,0)
 (0.350169,0) (4.42689e-17,0) (-4.17087e-17,0) (-0.321774,0) (3.78132e-17,0) (1.05154e-16,0) (-4.3049e-17,0) (-0.0783383,0) (-7.61398e-18,0) (2.82443e-17,0) (-1.83027e-16,0) (-3.75134e-17,0) (-1.46516e-16,0) (-0.024668,0) (-1.67238e-17,0) (1.1975e-16,0) (-0.00275299,0) (-8.45678e-17,0) (-5.24483e-18,0) (-1.83633e-16,0) (0.205297,0) (4.97107e-17,0) (4.90873e-17,0)
 (0.350169,0) (-8.80127e-17,0) (-5.98683e-18,0) (-0.321774,0) (9.29259e-18,0) (-0.0783383,0) (-1.07481e-16,0) (1.0125e-17,0) (-5.87731e-17,0) (-8.68853e-17,0) (-9.71987e-17,0) (-1.59588e-16,0) (-1.78026e-16,0) (-0.024668,0) (3.55076e-18,0) (-1.3249e-16,0) (-0.00275299,0) (-2.25582e-17,0) (0.205297,0) (-3.71051e-17,0) (5.46167e-17,0) (-1.24344e-17,0)
 (0.615803,0) (2.18873e-17,0) (1.24243e-16,0) (-6.26669e-17,0) (3.12818e-17,0) (1.06645e-17,0) (2.10344e-17,0) (0.0324342,0) (4.08067e-17,0) (1.54445e-16,0) (-0.00275299,0) (1.21512e-16,0) (-3.34747e-18,0) (0.140172,0) (-1.65558e-16,0) (3.28513e-17,0) (-3.85705e-17,0) (-1.14485e-17,0) (4.60447e-18,0) (1.24819e-17,0) (-0.0155843,0)
 (0.615803,0) (8.52318e-17,0) (-3.9531e-18,0) (9.67354e-17,0) (0.0324342,0) (3.16773e-17,0) (-5.59093e-17,0) (8.89588e-17,0) (3.31766e-16,0) (2.95987e-17,0) (-0.00275299,0) (-4.23923e-17,0) (3.55618e-17,0) (0.140172,0) (-5.63785e-18,0) (2.11419e-18,0) (-6.92805e-17,0) (-0.0155843,0) (2.46656e-17,0) (-6.93889e-18,0)
 (0.615803,0) (3.91261e-17,0) (0.0324342,0) (2.96834e-17,0) (7.73866e-17,0) (-3.47614e-17,0) (-2.26463e-16,0) (9.17235e-17,0) (2.07625e-17,0) (4.62954e-17,0) (-0.00275299,0) (8.14236e-17,0) (2.73219e-17,0) (0.140172,0) (1.50975e-17,0) (-0.0155843,0) (-5.70765e-17,0) (-1.00939e-16,0) (-6.43203e-17,0)
 (1.35213,0) (-2.66016e-18,0) (-3.22534e-18,0) (-7.64144e-17,0) (2.37026e-17,0) (-2.00821e-16,0) (-1.98138e-17,0) (-3.0195e-17,0) (-2.57362e-17,0) (-5.6365e-17,0) (2.25988e-17,0) (1.26039e-17,0) (4.30157e-17,0) (-0.443249,0) (-4.77591e-17,0) (1.23489e-17,0) (-7.7722e-17,0) (-7.06036e-17,0)
 (1.3023,0) (4.32999e-17,0) (-3.57224e-17,0) (1.72966e-16,0) (3.47258e-17,0) (1.43792e-17,0) (-3.03475e-17,0) (1.58294e-17,0) (-0.205297,0) (3.59786e-17,0) (2.46656e-18,0) (0.0155843,0) (-2.07523e-17,0) (0.175582,0) (1.3074e-17,0) (5.1071e-17,0) (8.05816e-17,0)
 (1.3023,0) (-7.86705e-17,0) (1.14471e-17,0) (1.83804e-16,0) (-3.39694e-17,0) (-5.85173e-17,0) (-0.205297,0) (-8.13152e-19,0) (1.19862e-16,0) (0.0155843,0) (-3.63479e-17,0) (-6.55527e-17,0) (-6.92712e-17,0) (0.175582,0) (7.96016e-17,0) (-6.8746e-17,0)
 (1.35213,0) (4.02099e-17,0) (-3.00507e-16,0) (6.03359e-17,0) (-5.07339e-17,0) (-4.0251e-18,0) (5.84114e-18,0) (-9.2496e-18,0) (-3.17942e-17,0) (1.27394e-18,0) (-1.13582e-16,0) (-7.07603e-17,0) (5.35884e-17,0) (-0.443249,0) (2.79216e-17,0)
 (1.3023,0) (2.13408e-16,0) (4.87891e-17,0) (-0.205297,0) (3.90855e-17,0) (-3.3983e-17,0) (0.0155843,0) (3.25261e-19,0) (3.66731e-17,0) (-1.91108e-17,0) (6.50784e-17,0) (7.04452e-17,0) (-1.02152e-17,0) (0.175582,0)
 (-0.354957,0) (0.623904,0) (1.35933e-16,0) (-8.17213e-17,0) (-9.02186e-17,0) (-1.78269e-16,0) (1.38611e-16,0) (2.05345e-16,0) (-1.31204e-17,0) (6.66136e-17,0) (-9.7737e-19,0) (-3.32308e-16,0) (-1.63088e-16,0)
 (0.968895,0) (-2.85603e-17,0) (-5.90958e-17,0) (1.0776e-16,0) (-4.04069e-17,0) (4.68375e-17,0) (-9.09917e-17,0) (1.44585e-16,0) (-1.50144e-16,0) (-6.59269e-17,0) (1.7789e-16,0) (1.17637e-16,0)
 (0.350169,0) (1.09105e-16,0) (-5.54732e-18,0) (-0.321774,0) (-9.26315e-18,0) (1.32866e-17,0) (6.36979e-17,0) (-1.39677e-17,0) (5.43928e-18,0) (-2.13044e-17,0) (0.0783383,0)
 (0.350169,0) (3.1984e-18,0) (9.5049e-17,0) (-0.321774,0) (-2.12487e-17,0) (4.06775e-17,0) (9.12394e-17,0) (0.0783383,0) (-1.11692e-16,0) (-4.79895e-17,0)
 (0.350169,0) (4.83317e-18,0) (-2.05998e-17,0) (-0.321774,0) (-5.88214e-17,0) (0.0783383,0) (-3.70698e-17,0) (4.40883e-17,0) (2.07625e-17,0)
 (0.615803,0) (-4.2311e-17,0) (-1.04085e-16,0) (-9.68997e-17,0) (9.31995e-17,0) (-3.99683e-18,0) (8.67277e-18,0) (-0.0324342,0)
 (0.615803,0) (4.74881e-17,0) (-4.13886e-17,0) (-1.62782e-16,0) (-0.0324342,0) (7.10678e-17,0) (6.88994e-17,0)
 (0.615803,0) (-9.3515e-17,0) (-0.0324342,0) (-8.687e-17,0) (1.99925e-17,0) (1.20887e-16,0)
 (1.35213,0) (7.29431e-17,0) (2.09862e-17,0) (-5.92368e-17,0) (4.74406e-17,0)
 (1.3023,0) (2.58631e-17,0) (5.52385e-17,0) (-6.34534e-17,0)
 (1.3023,0) (1.41367e-17,0) (4.62657e-17,0)
 (1.35213,0) (2.40665e-17,0)
 (1.3023,0)
