26 (0.920061,-2.15313e-17) (0.48574,-1.45026e-18) (-1.65398e-17,-0.0162165) (-2.43945e-18,0.261413) (3.96411e-18,0.0162165) (1.39831e-17,-0.0453246) (-2.43945e-18,0.562989) (-1.14383e-17,0.0453246) (0.0420029,-7.28784e-19) (0.0728364,-1.89058e-18) (0.0729611,1.24006e-18) (-0.0727512,-7.38613e-19) (-0.0728364,-9.94726e-20) (-0.223131,-0.247863) (0.092405,0.186519) (-0.241076,-0.173752) (0.684442,-0.22442) (0.241076,0.173752) (-0.275312,-0.110684) (0.734507,-0.237678) (0.275312,0.110684) (-0.000326177,-0.0185727) (-0.155958,-0.160454) (-0.429938,0.136424) (0.000564956,0.0321689) (0.155958,0.160454)
 (0.737678,1.56767e-20) (-4.07358e-18,0.0690894) (1.01915e-17,-0.374154) (-5.69206e-18,-0.0690894) (-5.06672e-18,0.151433) (-6.72205e-18,-0.212423) (5.42101e-18,-0.151433) (-0.061466,-1.36356e-18) (-0.107326,1.5992e-18) (-0.105263,-2.60209e-18) (0.106462,-5.01444e-18) (0.107326,2.54273e-18) (0.092405,0.186519) (0.192191,0.119371) (-0.00426463,-0.159627) (0.082125,-0.0245205) (0.00426463,0.159627) (-0.0176548,-0.17208) (0.062608,0.0147565) (0.0176548,0.17208) (0.00550444,0.0950417) (-0.101527,-0.0734653) (-0.477754,0.196233) (-0.00953397,-0.164617) (0.101527,0.0734653)
 (0.912705,-3.35947e-18) (-0.225341,-4.33681e-18) (-0.216077,2.1684e-18) (-0.0574531,-8.73197e-18) (-0.372057,-8.67362e-19) (-0.341736,-8.67362e-19) (3.65581e-19,0.0204111) (1.2426e-18,-0.0735743) (-8.48558e-18,-0.162098) (-7.46578e-19,-0.164558) (6.72987e-22,6.69598e-05) (0.241076,0.173752) (0.00426463,0.159627) (-0.105425,0.0274099) (0.23944,0.269342) (0.537232,-0.141377) (-0.270233,-0.0338047) (0.175309,0.243323) (0.181407,0.0177926) (-0.113051,-0.165882) (-0.0829495,0.0447324) (0.00103402,0.0429277) (-0.00341927,0.0444723) (-0.18474,-0.165442)
 (1.36452,-1.99893e-18) (0.225341,-4.49414e-18) (-0.372057,-8.67362e-19) (0.690609,-1.12926e-17) (0.372057,-8.19844e-18) (1.6263e-19,-0.0166129) (-4.7545e-18,-0.167018) (6.72987e-22,6.69598e-05) (-2.43945e-19,0.0287744) (2.34459e-18,0.167018) (-0.684442,0.22442) (-0.082125,0.0245205) (0.23944,0.269342) (-0.130856,-0.310602) (-0.23944,-0.269342) (0.175309,0.243323) (-0.344444,-0.718977) (-0.175309,-0.243323) (-0.264196,0.103183) (-0.00787256,0.0460169) (-0.18474,-0.165442) (0.457601,-0.178718) (0.00787256,-0.0460169)
 (0.912705,5.86154e-18) (-0.341736,-8.67362e-19) (0.372057,-8.19844e-18) (-0.0574531,1.32104e-17) (9.80525e-18,-0.132306) (6.72987e-22,6.69598e-05) (-3.2461e-18,0.162098) (9.73241e-19,0.0999554) (-6.9931e-18,-0.0735743) (-0.241076,-0.173752) (-0.00426463,-0.159627) (0.537232,-0.141377) (-0.23944,-0.269342) (-0.105425,0.0274099) (0.181407,0.0177926) (-0.175309,-0.243323) (-0.270233,-0.0338047) (-0.0594869,-0.0444268) (-0.18474,-0.165442) (-0.00103402,-0.0429277) (-0.0961958,-0.165894) (-0.0829495,0.0447324)
 (0.715938,2.55651e-17) (-0.393571,1.04083e-17) (-0.294617,-1.04083e-17) (-3.79084e-18,0.0754586) (-5.0822e-19,-0.0266778) (-1.97528e-18,-0.21769) (1.8863e-18,-0.228024) (-1.24774e-20,-0.000175596) (0.275312,0.110684) (0.0176548,0.17208) (-0.270233,-0.0338047) (0.175309,0.243323) (0.181407,0.0177926) (-0.203975,-0.0190051) (0.184442,0.313719) (0.169477,0.0615439) (0.0627884,-0.0631866) (0.23154,-0.0279721) (0.15336,0.254133) (-0.0144263,0.118209) (-0.0245762,0.030766)
 (1.51679,7.04072e-18) (0.393571,9.23118e-18) (1.27394e-18,-0.0942196) (2.47503e-18,-0.238358) (1.07518e-21,-0.000175596) (8.84302e-19,0.163193) (-3.08998e-18,0.238358) (-0.734507,0.237678) (-0.062608,-0.0147565) (0.175309,0.243323) (-0.344444,-0.718977) (-0.175309,-0.243323) (0.184442,0.313719) (-0.412799,-0.981204) (-0.184442,-0.313719) (-0.153102,0.0895182) (-0.182213,-0.0177148) (-0.0245762,0.030766) (0.26518,-0.15505) (0.182213,0.0177148)
 (0.715938,1.4847e-17) (2.6563e-18,-0.159745) (1.07518e-21,-0.000175596) (-1.13494e-18,0.21769) (2.91041e-18,0.179361) (-8.67362e-19,-0.0266778) (-0.275312,-0.110684) (-0.0176548,-0.17208) (0.181407,0.0177926) (-0.175309,-0.243323) (-0.270233,-0.0338047) (0.169477,0.0615439) (-0.184442,-0.313719) (-0.203975,-0.0190051) (0.0189006,0.0707787) (-0.0245762,0.030766) (-0.15336,-0.254133) (0.0615895,-0.113826) (0.23154,-0.0279721)
 (0.943927,5.9365e-19) (0.0419578,8.67362e-19) (0.0436419,-1.55176e-18) (-0.11668,1.46367e-18) (0.0864066,2.15047e-18) (-0.000326177,-0.0185727) (0.00550444,0.0950417) (0.113051,0.165882) (0.264196,-0.103183) (0.0594869,0.0444268) (-0.0627884,0.0631866) (0.153102,-0.0895182) (-0.0189006,-0.0707787) (0.192446,0.163464) (0.0723027,0.0362282) (0.245359,-0.0861812) (-0.0013004,-0.027726) (0.142926,0.151744)
 (0.844034,3.49694e-18) (0.0423767,3.63578e-19) (0.0755494,-2.54788e-18) (-0.0415868,2.43945e-19) (-0.155958,-0.160454) (-0.101527,-0.0734653) (0.0829495,-0.0447324) (0.00787256,-0.0460169) (0.18474,0.165442) (-0.23154,0.0279721) (0.182213,0.0177148) (0.0245762,-0.030766) (0.0723027,0.0362282) (-0.0201044,-0.0199485) (0.0584325,0.0730288) (0.123293,0.154303) (-0.193851,0.0664622)
 (1.2285,-1.55815e-18) (-0.07559,2.04643e-18) (-0.0423767,-1.00289e-18) (-0.429938,0.136424) (-0.477754,0.196233) (-0.00103402,-0.0429277) (0.18474,0.165442) (0.00103402,0.0429277) (-0.15336,-0.254133) (0.0245762,-0.030766) (0.15336,0.254133) (0.245359,-0.0861812) (0.0584325,0.0730288) (-0.0150402,-0.0371809) (-0.424973,0.14927) (-0.0584325,-0.0730288)
 (1.07866,-6.97175e-20) (-0.00143814,1.04446e-34) (0.000564956,0.0321689) (-0.00953397,-0.164617) (0.00341927,-0.0444723) (-0.457601,0.178718) (0.0961958,0.165894) (0.0144263,-0.118209) (-0.26518,0.15505) (-0.0615895,0.113826) (-0.0013004,-0.027726) (0.123293,0.154303) (-0.424973,0.14927) (0.193947,0.195479) (0.000969603,-0.0457769)
 (0.844034,-7.35552e-18) (0.155958,0.160454) (0.101527,0.0734653) (0.18474,0.165442) (-0.00787256,0.0460169) (0.0829495,-0.0447324) (0.0245762,-0.030766) (-0.182213,-0.0177148) (-0.23154,0.0279721) (0.142926,0.151744) (-0.193851,0.0664622) (-0.0584325,-0.0730288) (0.000969603,-0.0457769) (-0.0201044,-0.0199485)
 (0.920061,-2.15313e-17) (0.48574,-1.45026e-18) (-1.65398e-17,-0.0162165) (-2.43945e-18,0.261413) (3.96411e-18,0.0162165) (1.39831e-17,-0.0453246) (-2.43945e-18,0.562989) (-1.14383e-17,0.0453246) (0.0420029,-7.28784e-19) (0.0728364,-1.89058e-18) (0.0729611,1.24006e-18) (-0.0727512,-7.38613e-19) (-0.0728364,-9.94726e-20)
 (0.737678,1.56767e-20) (-4.07358e-18,0.0690894) (1.01915e-17,-0.374154) (-5.69206e-18,-0.0690894) (-5.06672e-18,0.151433) (-6.72205e-18,-0.212423) (5.42101e-18,-0.151433) (-0.061466,-1.36356e-18) (-0.107326,1.5992e-18) (-0.105263,-2.60209e-18) (0.106462,-5.01444e-18) (0.107326,2.54273e-18)
 (0.912705,-3.35947e-18) (-0.225341,-4.33681e-18) (-0.216077,2.1684e-18) (-0.0574531,-8.73197e-18) (-0.372057,-8.67362e-19) (-0.341736,-8.67362e-19) (3.65581e-19,0.0204111) (1.2426e-18,-0.0735743) (-8.48558e-18,-0.162098) (-7.46578e-19,-0.164558) (6.72987e-22,6.69598e-05)
 (1.36452,-1.99893e-18) (0.225341,-4.49414e-18) (-0.372057,-8.67362e-19) (0.690609,-1.12926e-17) (0.372057,-8.19844e-18) (1.6263e-19,-0.0166129) (-4.7545e-18,-0.167018) (6.72987e-22,6.69598e-05) (-2.43945e-19,0.0287744) (2.34459e-18,0.167018)
 (0.912705,5.86154e-18) (-0.341736,-8.67362e-19) (0.372057,-8.19844e-18) (-0.0574531,1.32104e-17) (9.80525e-18,-0.132306) (6.72987e-22,6.69598e-05) (-3.2461e-18,0.162098) (9.73241e-19,0.0999554) (-6.9931e-18,-0.0735743)
 (0.715938,2.55651e-17) (-0.393571,1.04083e-17) (-0.294617,-1.04083e-17) (-3.79084e-18,0.0754586) (-5.0822e-19,-0.0266778) (-1.97528e-18,-0.21769) (1.8863e-18,-0.228024) (-1.24774e-20,-0.000175596)
 (1.51679,7.04072e-18) (0.393571,9.23118e-18) (1.27394e-18,-0.0942196) (2.47503e-18,-0.238358) (1.07518e-21,-0.000175596) (8.84302e-19,0.163193) (-3.08998e-18,0.238358)
 (0.715938,1.4847e-17) (2.6563e-18,-0.159745) (1.07518e-21,-0.000175596) (-1.13494e-18,0.21769) (2.91041e-18,0.179361) (-8.67362e-19,-0.0266778)
 (0.943927,5.9365e-19) (0.0419578,8.67362e-19) (0.0436419,-1.55176e-18) (-0.11668,1.46367e-18) (0.0864066,2.15047e-18)
 (0.844034,3.49694e-18) (0.0423767,3.63578e-19) (0.0755494,-2.54788e-18) (-0.0415868,2.43945e-19)
 (1.2285,-1.55815e-18) (-0.07559,2.04643e-18) (-0.0423767,-1.00289e-18)
 (1.07866,-6.97175e-20) (-0.00143814,1.04446e-34)
 (0.844034,-7.35552e-18)
