26 (1.23982,-1.81472e-18) (-0.529601,4.94559e-17) (-2.39938e-19,-0.304628) (-5.90213e-18,0.304628) (-5.42101e-19,0.304628) (-3.61792e-17,-0.689588) (1.46774e-17,0.689588) (-8.17217e-18,0.689588) (-4.72475e-18,-3.78008e-19) (0.0723709,2.62919e-18) (0.0723709,-3.00866e-18) (3.00919e-17,8.47033e-19) (-0.0723709,-1.61373e-18) (0.305368,-0.84088) (-0.429397,0.996726) (-0.381354,-0.254931) (0.381354,0.254931) (0.381354,0.254931) (-0.635688,-0.317689) (0.635688,0.317689) (0.635688,0.317689) (-1.61447e-17,5.13615e-17) (-0.128594,-0.157556) (-0.128594,-0.157556) (-1.30298e-17,4.93935e-17) (0.128594,0.157556)
 (1.78697,-1.64554e-17) (-2.67292e-17,0.596076) (-6.66784e-18,-0.596076) (2.60209e-18,-0.596076) (-2.35115e-17,0.791338) (-6.28837e-18,-0.791338) (-1.66967e-17,-0.791338) (7.15573e-18,1.01631e-17) (-0.105935,2.40557e-18) (-0.105935,-1.32137e-18) (-4.1275e-17,4.67562e-19) (0.105935,4.78137e-19) (-0.429397,0.996726) (0.357008,-0.772439) (0.423652,0.078652) (-0.423652,-0.078652) (-0.423652,-0.078652) (0.723658,0.218895) (-0.723658,-0.218895) (-0.723658,-0.218895) (-2.77114e-17,6.01597e-17) (-0.235857,-0.0737952) (-0.235857,-0.0737952) (-5.0493e-17,8.85658e-17) (0.235857,0.0737952)
 (0.810066,3.67725e-18) (-0.236877,2.60209e-18) (-0.236877,6.72205e-18) (-0.0919783,5.23699e-18) (-0.410275,-2.60209e-18) (-0.410275,9.1073e-18) (6.42555e-19,0.00813946) (4.52824e-18,-0.0692582) (-5.12031e-18,-0.0692582) (2.70578e-18,4.09507e-17) (-1.3009e-21,0.000200879) (0.381354,0.254931) (-0.423652,-0.078652) (-0.0061902,-0.0748283) (0.0964623,0.278083) (0.0964623,0.278083) (0.0970914,-0.415346) (-0.112627,0.288256) (-0.112627,0.288256) (-0.097813,-0.113241) (-0.0396057,-0.0017647) (-0.0396057,-0.0017647) (1.46372e-17,-1.59225e-17) (0.132779,-0.454411)
 (0.810066,7.3391e-18) (0.236877,5.72183e-18) (-0.410275,-2.60209e-18) (-0.0919783,-4.63474e-17) (0.410275,7.82987e-18) (-2.75794e-18,0.00406973) (6.68896e-19,0.0692582) (-1.3009e-21,0.000200879) (-7.29295e-19,-0.00704898) (3.03577e-18,-0.0692582) (-0.381354,-0.254931) (0.423652,0.078652) (0.0964623,0.278083) (-0.0061902,-0.0748283) (-0.0964623,-0.278083) (-0.112627,0.288256) (0.0970914,-0.415346) (0.112627,-0.288256) (-0.0489065,-0.0566207) (0.0396057,0.0017647) (0.132779,-0.454411) (0.0847085,0.0980699) (-0.0396057,-0.0017647)
 (0.810066,-5.02081e-18) (-0.410275,9.1073e-18) (0.410275,7.82987e-18) (-0.0919783,9.5974e-18) (7.63007e-18,0.00406973) (-1.3009e-21,0.000200879) (2.20808e-18,0.0692582) (-2.48011e-18,0.00704898) (-2.58853e-18,-0.0692582) (-0.381354,-0.254931) (0.423652,0.078652) (0.0964623,0.278083) (-0.0964623,-0.278083) (-0.0061902,-0.0748283) (-0.112627,0.288256) (0.112627,-0.288256) (0.0970914,-0.415346) (-0.0489065,-0.0566207) (0.132779,-0.454411) (0.0396057,0.0017647) (-0.0847085,-0.0980699) (-0.0396057,-0.0017647)
 (1.05133,3.85326e-17) (-0.519953,-1.56125e-17) (-0.519953,8.67362e-18) (-1.65272e-19,-0.0330835) (2.95106e-18,-0.00950211) (-1.52127e-18,-0.00950211) (-1.99619e-19,6.98904e-17) (5.26683e-21,-0.000526787) (0.635688,0.317689) (-0.723658,-0.218895) (0.0970914,-0.415346) (-0.112627,0.288256) (-0.112627,0.288256) (0.192375,-0.467547) (-0.213583,0.503037) (-0.213583,0.503037) (0.084132,0.0614317) (0.0629191,0.142138) (0.0629191,0.142138) (9.96674e-17,2.02949e-17) (-0.117102,0.191393)
 (1.05133,-9.90703e-17) (0.519953,2.71958e-17) (-4.25549e-18,-0.0165417) (-2.9487e-18,0.00950211) (-8.2857e-21,-0.000526787) (-1.13164e-18,0.0286511) (1.00289e-17,-0.00950211) (-0.635688,-0.317689) (0.723658,0.218895) (-0.112627,0.288256) (0.0970914,-0.415346) (0.112627,-0.288256) (-0.213583,0.503037) (0.192375,-0.467547) (0.213583,-0.503037) (0.042066,0.0307159) (-0.0629191,-0.142138) (-0.117102,0.191393) (-0.0728604,-0.0532014) (0.0629191,0.142138)
 (1.05133,5.18506e-17) (-1.89735e-18,-0.0165417) (-8.2857e-21,-0.000526787) (-2.624e-18,0.00950211) (1.46028e-18,-0.0286511) (-5.42101e-19,-0.00950211) (-0.635688,-0.317689) (0.723658,0.218895) (-0.112627,0.288256) (0.112627,-0.288256) (0.0970914,-0.415346) (-0.213583,0.503037) (0.213583,-0.503037) (0.192375,-0.467547) (0.042066,0.0307159) (-0.117102,0.191393) (-0.0629191,-0.142138) (0.0728604,0.0532014) (0.0629191,0.142138)
 (0.966123,6.07425e-19) (0.0429714,8.13152e-19) (0.0429714,-8.13152e-19) (3.58965e-17,-8.80914e-19) (0.0859428,-1.59237e-19) (-1.61447e-17,5.13615e-17) (-2.77114e-17,6.01597e-17) (0.097813,0.113241) (0.0489065,0.0566207) (0.0489065,0.0566207) (-0.084132,-0.0614317) (-0.042066,-0.0307159) (-0.042066,-0.0307159) (-0.151181,0.494601) (0.076361,0.0720345) (0.076361,0.0720345) (-1.78025e-17,5.71756e-17) (0.152722,0.144069)
 (1.08344,1.16879e-18) (0.0432275,5.21184e-19) (0.0744287,7.58942e-19) (-0.0432275,-5.69206e-19) (-0.128594,-0.157556) (-0.235857,-0.0737952) (0.0396057,0.0017647) (-0.0396057,-0.0017647) (-0.132779,0.454411) (-0.0629191,-0.142138) (0.0629191,0.142138) (0.117102,-0.191393) (0.076361,0.0720345) (0.0371428,-0.0902692) (0.0338439,0.0568794) (0.132261,0.124767) (-0.0338439,-0.0568794)
 (1.08344,-4.06248e-18) (-0.0744287,-7.45389e-19) (-0.0432275,-5.42101e-19) (-0.128594,-0.157556) (-0.235857,-0.0737952) (0.0396057,0.0017647) (-0.132779,0.454411) (-0.0396057,-0.0017647) (-0.0629191,-0.142138) (0.117102,-0.191393) (0.0629191,0.142138) (0.076361,0.0720345) (0.0338439,0.0568794) (0.0371428,-0.0902692) (-0.132261,-0.124767) (-0.0338439,-0.0568794)
 (0.966123,3.65696e-20) (-3.11075e-17,-1.11553e-34) (-1.30298e-17,4.93935e-17) (-5.0493e-17,8.85658e-17) (-1.46372e-17,1.59225e-17) (-0.0847085,-0.0980699) (0.0847085,0.0980699) (-9.96674e-17,-2.02949e-17) (0.0728604,0.0532014) (-0.0728604,-0.0532014) (-1.78025e-17,5.71756e-17) (0.132261,0.124767) (-0.132261,-0.124767) (-0.151181,0.494601) (-6.42845e-18,4.67393e-18)
 (1.08344,3.0275e-18) (0.128594,0.157556) (0.235857,0.0737952) (-0.132779,0.454411) (0.0396057,0.0017647) (0.0396057,0.0017647) (0.117102,-0.191393) (-0.0629191,-0.142138) (-0.0629191,-0.142138) (0.152722,0.144069) (-0.0338439,-0.0568794) (-0.0338439,-0.0568794) (-6.42845e-18,4.67393e-18) (0.0371428,-0.0902692)
 (1.23982,-1.81472e-18) (-0.529601,4.94559e-17) (-2.39938e-19,-0.304628) (-5.90213e-18,0.304628) (-5.42101e-19,0.304628) (-3.61792e-17,-0.689588) (1.46774e-17,0.689588) (-8.17217e-18,0.689588) (-4.72475e-18,-3.78008e-19) (0.0723709,2.62919e-18) (0.0723709,-3.00866e-18) (3.00919e-17,8.47033e-19) (-0.0723709,-1.61373e-18)
 (1.78697,-1.64554e-17) (-2.67292e-17,0.596076) (-6.66784e-18,-0.596076) (2.60209e-18,-0.596076) (-2.35115e-17,0.791338) (-6.28837e-18,-0.791338) (-1.66967e-17,-0.791338) (7.15573e-18,1.01631e-17) (-0.105935,2.40557e-18) (-0.105935,-1.32137e-18) (-4.1275e-17,4.67562e-19) (0.105935,4.78137e-19)
 (0.810066,3.67725e-18) (-0.236877,2.60209e-18) (-0.236877,6.72205e-18) (-0.0919783,5.23699e-18) (-0.410275,-2.60209e-18) (-0.410275,9.1073e-18) (6.42555e-19,0.00813946) (4.52824e-18,-0.0692582) (-5.12031e-18,-0.0692582) (2.70578e-18,4.09507e-17) (-1.3009e-21,0.000200879)
 (0.810066,7.3391e-18) (0.236877,5.72183e-18) (-0.410275,-2.60209e-18) (-0.0919783,-4.63474e-17) (0.410275,7.82987e-18) (-2.75794e-18,0.00406973) (6.68896e-19,0.0692582) (-1.3009e-21,0.000200879) (-7.29295e-19,-0.00704898) (3.03577e-18,-0.0692582)
 (0.810066,-5.02081e-18) (-0.410275,9.1073e-18) (0.410275,7.82987e-18) (-0.0919783,9.5974e-18) (7.63007e-18,0.00406973) (-1.3009e-21,0.000200879) (2.20808e-18,0.0692582) (-2.48011e-18,0.00704898) (-2.58853e-18,-0.0692582)
 (1.05133,3.85326e-17) (-0.519953,-1.56125e-17) (-0.519953,8.67362e-18) (-1.65272e-19,-0.0330835) (2.95106e-18,-0.00950211) (-1.52127e-18,-0.00950211) (-1.99619e-19,6.98904e-17) (5.26683e-21,-0.000526787)
 (1.05133,-9.90703e-17) (0.519953,2.71958e-17) (-4.25549e-18,-0.0165417) (-2.9487e-18,0.00950211) (-8.2857e-21,-0.000526787) (-1.13164e-18,0.0286511) (1.00289e-17,-0.00950211)
 (1.05133,5.18506e-17) (-1.89735e-18,-0.0165417) (-8.2857e-21,-0.000526787) (-2.624e-18,0.00950211) (1.46028e-18,-0.0286511) (-5.42101e-19,-0.00950211)
 (0.966123,6.07425e-19) (0.0429714,8.13152e-19) (0.0429714,-8.13152e-19) (3.58965e-17,-8.80914e-19) (0.0859428,-1.59237e-19)
 (1.08344,1.16879e-18) (0.0432275,5.21184e-19) (0.0744287,7.58942e-19) (-0.0432275,-5.69206e-19)
 (1.08344,-4.06248e-18) (-0.0744287,-7.45389e-19) (-0.0432275,-5.42101e-19)
 (0.966123,3.65696e-20) (-3.11075e-17,-1.11553e-34)
 (1.08344,3.0275e-18)
