26 (-0.0371353,1.7024e-18) (0.116488,6.296e-18) (0.0177953,1.80364e-16) (3.86525e-17,-0.107687) (1.54054e-16,-0.107687) (0.0242561,3.10757e-16) (3.44618e-17,-0.130257) (-4.56038e-17,-0.130257) (-0.00625549,-5.98402e-18) (-4.25875e-16,-0.0236218) (-1.67891e-16,-0.0236218) (-9.1253e-17,-2.53432e-18) (0.0872651,6.99586e-18) (1.52793e-15,0.201539) (1.13965e-15,0.119225) (6.10348e-16,0.0458223) (-0.126844,5.3773e-16) (-0.126844,6.73168e-16) (-4.31461e-16,-0.114404) (-0.0441258,2.97749e-16) (-0.0441258,4.19003e-16) (6.38422e-17,0.0168052) (0.00480793,1.51111e-17) (0.00480793,4.46581e-17) (-1.82138e-17,1.52956e-16) (-1.52874e-16,-0.0203138)
 (0.635457,-1.43894e-17) (-0.0396216,-2.24718e-16) (2.04723e-16,-0.0681949) (1.01433e-16,-0.0681949) (-0.039762,7.69784e-17) (3.16706e-16,-0.288623) (1.91096e-16,-0.288623) (0.0359619,1.61927e-17) (-3.79629e-16,0.0602859) (-4.76661e-16,0.0602859) (-2.83234e-17,1.82146e-17) (0.0904097,-3.95361e-17) (1.19169e-15,0.119225) (-2.60143e-16,-0.124375) (9.36906e-16,0.086948) (-0.139768,4.91794e-16) (-0.139768,6.10297e-16) (-2.31202e-16,-0.157918) (-0.172902,7.77156e-16) (-0.172902,8.75168e-16) (2.16604e-16,0.0682554) (-0.0438143,3.03712e-16) (-0.0438143,3.46619e-16) (3.90292e-17,4.8247e-17) (8.3667e-17,-0.00715683)
 (0.32638,-3.00908e-18) (3.50088e-16,0.0311347) (4.51019e-16,0.0311347) (-0.16336,-7.17301e-17) (-2.18784e-16,0.0453855) (-2.60219e-16,0.0453855) (-0.0130845,-1.00498e-16) (1.73275e-16,0.0302358) (2.75857e-16,0.0302358) (1.12059e-17,1.24682e-17) (-0.116353,1.83076e-18) (-8.11785e-16,-0.0458223) (-9.16089e-16,-0.086948) (1.52274e-16,0.00621387) (0.0363708,-3.4874e-16) (0.0363708,-3.27886e-16) (-2.36445e-16,-0.00428406) (0.141895,-6.95678e-16) (0.141895,-6.62041e-16) (-5.3608e-16,-0.0675378) (-0.0375869,7.16793e-17) (-0.0375869,1.2449e-16) (-2.62459e-17,-1.44775e-16) (-8.44548e-16,-0.0889043)
 (0.267085,-1.23667e-19) (-0.0768733,-4.18269e-17) (-2.56355e-16,-0.0468775) (-0.255154,9.17642e-17) (0.0337726,1.09843e-17) (8.18099e-17,0.0178036) (-0.0406747,9.33854e-18) (-0.121917,-2.16649e-17) (2.58601e-17,0.00434694) (1.59514e-16,-0.0309398) (0.126844,-4.64852e-16) (0.139768,-4.55799e-16) (0.0363708,-2.34194e-16) (4.09694e-16,0.0652305) (1.85115e-16,0.0253273) (0.123403,-5.8864e-16) (-2.26169e-16,0.00725786) (-7.08947e-16,-0.0590377) (-0.0228528,6.43203e-17) (2.71165e-16,0.0245215) (-8.30455e-16,-0.116413) (0.0600592,-2.46846e-16) (-0.0630368,3.03414e-16)
 (0.267085,-5.86803e-18) (-3.24345e-16,-0.0468775) (0.0337726,-2.41438e-17) (-0.255154,4.09147e-17) (-2.64173e-17,0.0178036) (-0.121917,-1.38586e-17) (-0.0406747,-1.47036e-17) (-3.7673e-17,-0.00434694) (1.27426e-16,-0.0309398) (0.126844,-4.19878e-16) (0.139768,-4.11455e-16) (0.0363708,-2.67164e-16) (1.59094e-16,0.0253273) (3.81651e-16,0.0652305) (0.123403,-5.39824e-16) (-7.67784e-16,-0.0590377) (-3.30419e-16,0.00725786) (-0.0228528,4.98597e-17) (-8.73559e-16,-0.116413) (2.22224e-16,0.0245215) (-0.0600592,2.27323e-16) (-0.0630368,2.78599e-16)
 (0.845101,-2.33781e-18) (-1.22415e-15,0.056812) (-1.19567e-15,0.056812) (-0.0058682,-2.28313e-16) (3.5379e-16,-0.111021) (3.35392e-16,-0.111021) (4.87526e-17,1.75641e-17) (-0.0378288,1.45898e-16) (4.51844e-16,0.114404) (1.4967e-16,0.157918) (-4.27699e-16,-0.00428406) (0.123403,-6.04361e-16) (0.123403,-4.89721e-16) (-1.68121e-15,-0.0259005) (0.0828385,-8.89046e-18) (0.0828385,-1.09288e-16) (-8.24263e-16,-0.164653) (0.0411081,1.01898e-16) (0.0411081,1.11063e-16) (-2.31616e-17,-7.36444e-17) (-5.22903e-16,-0.0327406)
 (0.868352,4.10642e-18) (0.226282,-2.51196e-17) (-4.0501e-17,-0.0762542) (-0.0816586,7.11719e-17) (-0.0560446,1.04714e-17) (2.77609e-17,-0.0369693) (3.91911e-16,-0.000254391) (0.0441258,-4.43466e-16) (0.172902,-9.78384e-16) (0.141895,-6.62664e-16) (-1.60033e-16,0.00725786) (-7.33062e-16,-0.0590377) (0.0828385,-1.67509e-16) (-2.30755e-15,-0.240176) (-8.90081e-16,-0.0887068) (-0.043599,2.38823e-16) (-1.22212e-15,-0.189376) (-8.76836e-16,-0.116765) (0.0429574,-2.56061e-16) (0.0651721,-9.68735e-17)
 (0.868352,-2.87991e-19) (4.0427e-17,-0.0762542) (-0.0560446,5.21048e-17) (-0.0816586,-3.08521e-17) (4.00076e-17,0.0369693) (3.93337e-16,-0.000254391) (0.0441258,-2.35055e-16) (0.172902,-8.56953e-16) (0.141895,-6.26533e-16) (-6.96831e-16,-0.0590377) (-2.76643e-16,0.00725786) (0.0828385,-1.61763e-16) (-1.10183e-15,-0.0887068) (-2.31513e-15,-0.240176) (-0.043599,2.49583e-16) (-8.00374e-16,-0.116765) (-1.08103e-15,-0.189376) (-0.0429574,2.81079e-16) (0.0651721,-4.44252e-17)
 (1.29068,-1.1571e-18) (1.07672e-16,0.00116929) (1.07355e-16,0.00116929) (-8.92502e-17,3.49952e-18) (0.050513,5.07923e-18) (7.86988e-17,0.0168052) (1.6976e-16,0.0682554) (5.54078e-16,0.0675378) (0.0228528,-3.94514e-17) (0.0228528,-4.51231e-17) (8.10792e-16,0.164653) (0.043599,-2.85633e-16) (0.043599,-2.82543e-16) (1.87426e-15,0.229057) (0.0681301,-1.50096e-16) (0.0681301,-1.7293e-16) (4.29832e-18,4.42405e-17) (1.39598e-15,0.17349)
 (1.20366,-1.28287e-17) (-0.0299807,-9.95798e-18) (1.62861e-16,-0.0185959) (2.8053e-16,-0.0383546) (0.00480793,1.68297e-17) (-0.0438143,1.92758e-16) (0.0375869,-8.20868e-17) (-2.07875e-16,-0.0245215) (8.43289e-16,0.116413) (-0.0411081,-1.12415e-16) (1.12921e-15,0.189376) (7.57901e-16,0.116765) (0.0681301,-1.38822e-16) (-5.04537e-16,-0.0747988) (1.44092e-15,0.163447) (0.174752,-7.47094e-16) (-0.182525,6.54861e-16)
 (1.20366,2.0043e-18) (-2.66495e-16,0.0185959) (1.24874e-16,-0.0383546) (0.00480793,9.71327e-17) (-0.0438143,2.7368e-16) (0.0375869,-8.91265e-17) (8.83794e-16,0.116413) (-2.52067e-16,-0.0245215) (-0.0411081,-1.93489e-16) (7.75341e-16,0.116765) (1.11117e-15,0.189376) (0.0681301,-1.23937e-16) (1.41346e-15,0.163447) (-4.92538e-16,-0.0747988) (-0.174752,6.56774e-16) (-0.182525,6.70501e-16)
 (1.31146,3.75204e-18) (4.4916e-17,-7.04943e-19) (7.6851e-18,1.2518e-16) (3.50273e-19,3.25261e-18) (1.56675e-18,1.33628e-16) (-0.0600592,2.11894e-16) (0.0600592,-2.09969e-16) (-7.03347e-18,8.22706e-17) (-0.0429574,2.52375e-16) (0.0429574,-1.80276e-16) (-1.32666e-17,5.44354e-17) (0.174752,-6.75996e-16) (-0.174752,6.56775e-16) (1.83187e-15,0.22049) (1.76262e-17,-9.80237e-17)
 (1.20287,-1.529e-18) (-2.87319e-16,-0.0203138) (7.51018e-17,-0.00715683) (7.78598e-16,0.0889043) (0.0630368,-3.68805e-16) (0.0630368,-2.72948e-16) (4.36695e-16,0.0327406) (-0.0651721,8.33209e-17) (-0.0651721,3.23092e-17) (1.36433e-15,0.17349) (-0.182525,6.14087e-16) (-0.182525,6.29941e-16) (2.17635e-18,-6.4222e-17) (-4.54853e-16,-0.0520082)
 (-0.0371353,-1.2338e-17) (0.116488,3.47017e-17) (-0.0177953,8.75421e-17) (-8.10756e-18,-0.107687) (-6.59782e-17,-0.107687) (-0.0242561,1.95566e-16) (2.8693e-16,-0.130257) (1.15728e-16,-0.130257) (-0.00625549,2.91369e-18) (-3.13745e-16,0.0236218) (-3.75725e-16,0.0236218) (-2.56661e-16,-8.12622e-20) (0.0872651,-8.98268e-18)
 (0.635457,9.87979e-18) (0.0396216,-1.72108e-16) (-3.58582e-16,-0.0681949) (-1.94528e-16,-0.0681949) (0.039762,1.2254e-16) (-2.19239e-16,-0.288623) (-3.08079e-16,-0.288623) (0.0359619,-4.24588e-17) (-5.01518e-16,-0.0602859) (-3.65051e-16,-0.0602859) (-4.36648e-17,3.92481e-17) (0.0904097,4.63327e-17)
 (0.32638,-2.95763e-18) (4.23748e-16,-0.0311347) (3.11524e-16,-0.0311347) (-0.16336,4.4169e-17) (-2.51496e-16,-0.0453855) (-2.51886e-16,-0.0453855) (0.0130845,-9.13527e-17) (-2.04647e-16,0.0302358) (-1.79713e-16,0.0302358) (-4.42249e-17,-3.37187e-17) (0.116353,4.71751e-17)
 (0.267085,-1.18322e-17) (-0.0768733,-1.06049e-18) (-2.08723e-16,0.0468775) (-0.255154,-3.39965e-17) (0.0337726,-7.53182e-17) (8.62221e-17,0.0178036) (0.0406747,2.37292e-17) (0.121917,3.63286e-17) (-1.85189e-16,0.00434694) (-2.47126e-16,-0.0309398)
 (0.267085,-1.4228e-18) (-2.4747e-16,0.0468775) (0.0337726,-3.10827e-17) (-0.255154,1.306e-17) (-2.44437e-17,0.0178036) (0.121917,3.32928e-17) (0.0406747,4.79479e-17) (6.76256e-17,-0.00434694) (-1.5636e-16,-0.0309398)
 (0.845101,6.27821e-18) (-1.23631e-15,-0.056812) (-1.28204e-15,-0.056812) (0.0058682,-2.2587e-16) (-2.59653e-16,-0.111021) (-3.52225e-16,-0.111021) (-2.64809e-17,-2.84061e-17) (0.0378288,1.12795e-16)
 (0.868352,-2.36898e-17) (0.226282,8.76374e-17) (-1.16055e-19,-0.0762542) (0.0816586,5.15623e-17) (0.0560446,7.62647e-17) (1.09333e-18,-0.0369693) (-3.19763e-16,-0.000254391)
 (0.868352,1.40709e-17) (-6.97141e-17,-0.0762542) (0.0560446,7.62647e-17) (0.0816586,9.91026e-17) (7.67329e-18,0.0369693) (-3.15099e-16,-0.000254391)
 (1.29068,5.77571e-19) (1.77203e-16,-0.00116929) (1.26858e-16,-0.00116929) (-7.4688e-17,-7.81356e-18) (0.050513,-2.89156e-19)
 (1.20366,1.18415e-18) (-0.0299807,-6.81412e-18) (2.60384e-16,0.0185959) (7.40673e-17,0.0383546)
 (1.20366,3.84078e-18) (-1.62825e-16,-0.0185959) (1.79141e-16,0.0383546)
 (1.31146,-1.42503e-18) (2.86231e-17,8.40468e-19)
 (1.20287,2.09027e-18)
