26 (0.846727,-1.14828e-18) (0.698351,7.00652e-18) (-8.33947e-19,1.32544e-16) (-2.95445e-18,-8.87887e-16) (5.36002e-18,-9.18027e-16) (-1.45856e-18,2.76472e-16) (-7.27771e-18,-1.86133e-15) (-8.70072e-18,-1.89407e-15) (0.0772996,8.2298e-19) (5.65344e-16,-3.07642e-18) (-5.3475e-16,7.25738e-18) (-6.18242e-16,-9.92723e-19) (-1.21736e-17,2.17139e-21) (-4.59987e-17,1.62139e-15) (-3.99469e-17,-7.00427e-16) (-2.3872e-17,-1.78213e-15) (0.389727,0.389727) (0.389727,-0.389727) (-3.63528e-17,-2.03225e-15) (0.32331,0.32331) (0.32331,-0.32331) (3.96349e-18,2.80622e-18) (-0.296589,0.296589) (-0.296589,-0.296589) (2.32527e-16,8.13999e-19) (1.57682e-17,1.1487e-15)
 (0.692881,-1.71905e-18) (9.82463e-18,-4.20237e-16) (-2.15756e-17,1.04276e-15) (-3.79471e-19,1.07572e-15) (3.35976e-18,-8.23994e-16) (-1.30104e-18,3.81159e-17) (-2.81893e-18,-1.91299e-17) (-0.0458174,2.22086e-19) (-8.23003e-16,-4.24194e-18) (7.7816e-16,-2.01933e-18) (8.95047e-16,-4.54687e-18) (1.13841e-18,8.4101e-21) (-3.99469e-17,-7.00427e-16) (1.87687e-17,-1.75012e-15) (2.38836e-17,-1.58602e-16) (0.229411,0.229411) (0.229411,-0.229411) (8.86907e-17,-5.05265e-16) (0.276088,0.276088) (0.276088,-0.276088) (-1.63642e-17,-8.68277e-17) (-0.27591,0.27591) (-0.27591,-0.27591) (-1.15595e-15,-2.14198e-17) (2.55167e-17,8.66975e-16)
 (0.881518,5.74782e-18) (-1.69344e-15,4.98733e-18) (1.59679e-15,1.59378e-17) (-0.0982414,-2.4436e-18) (-2.71022e-15,3.72966e-17) (2.5471e-15,2.73219e-17) (1.61614e-19,-1.7186e-16) (-3.19924e-18,-3.22833e-16) (1.1003e-18,-3.31693e-16) (2.72687e-21,0.329317) (-1.33808e-21,-1.35525e-20) (2.3872e-17,1.78213e-15) (-2.38836e-17,1.58602e-16) (-4.95643e-17,7.8731e-16) (0.399344,-0.399344) (0.399344,0.399344) (-7.32728e-17,2.00246e-15) (0.191346,-0.191346) (0.191346,0.191346) (6.26599e-18,-8.54292e-16) (-0.00157574,-0.00157574) (-0.00157574,0.00157574) (-3.54168e-16,4.22585e-18) (-9.04357e-18,1.3549e-15)
 (1.21295,1.47052e-18) (2.07625e-17,2.76345e-19) (-2.71022e-15,3.72966e-17) (0.343157,1.21262e-17) (-1.47451e-17,-1.25954e-18) (-5.3397e-18,-4.19529e-16) (9.31922e-20,0.329317) (-1.33808e-21,-1.35525e-20) (9.28009e-18,-4.67469e-16) (-3.25261e-19,9.10058e-16) (-0.389727,-0.389727) (-0.229411,-0.229411) (0.399344,-0.399344) (-1.13203e-15,8.95537e-16) (4.38529e-17,-1.67358e-15) (0.191346,-0.191346) (-2.22461e-15,2.25772e-15) (1.68137e-17,-1.04547e-15) (-0.151989,-0.151989) (-3.54786e-16,-2.96258e-17) (-5.46655e-18,1.35489e-15) (0.34463,0.34463) (-0.0829534,0.0829534)
 (1.21295,-5.25153e-18) (2.5471e-15,2.73219e-17) (-1.47451e-17,-1.25954e-18) (0.343157,-1.25936e-17) (-2.12775e-18,-4.33588e-16) (-1.33808e-21,-1.35525e-20) (4.76527e-19,-0.329317) (2.43268e-18,4.87326e-16) (9.41901e-18,8.75902e-16) (-0.389727,0.389727) (-0.229411,0.229411) (0.399344,0.399344) (4.38529e-17,-1.67358e-15) (1.11897e-15,9.64925e-16) (0.191346,0.191346) (1.68137e-17,-1.04547e-15) (2.12998e-15,2.45512e-15) (-0.151989,0.151989) (-5.46655e-18,1.35489e-15) (3.52929e-16,-3.63009e-17) (-0.34463,0.34463) (-0.0829534,-0.0829534)
 (0.718289,-3.92518e-18) (-2.48378e-15,2.42861e-17) (2.29401e-15,1.9082e-17) (-3.10385e-18,-6.31629e-16) (-4.34358e-18,-7.20752e-16) (2.64613e-18,-7.35863e-16) (7.02003e-21,0.455522) (1.40019e-21,4.06576e-20) (3.63528e-17,2.03225e-15) (-8.86907e-17,5.05265e-16) (-7.32728e-17,2.00246e-15) (0.191346,-0.191346) (0.191346,0.191346) (-1.11635e-16,1.59563e-15) (0.151837,-0.151837) (0.151837,0.151837) (-4.88318e-18,4.80801e-16) (0.28273,0.28273) (0.28273,-0.28273) (-9.75601e-16,8.08408e-18) (-5.30968e-18,1.32517e-16)
 (0.826522,-3.36762e-18) (-4.35849e-17,5.57562e-19) (4.3097e-18,-2.56896e-16) (3.76672e-19,0.455522) (1.40019e-21,4.06576e-20) (-9.88657e-18,-1.23147e-15) (-4.2826e-18,1.01135e-15) (-0.32331,-0.32331) (-0.276088,-0.276088) (0.191346,-0.191346) (-2.22461e-15,2.25772e-15) (1.68137e-17,-1.04547e-15) (0.151837,-0.151837) (-2.79401e-15,2.51172e-15) (3.43427e-17,-6.38975e-16) (-0.0363412,-0.0363412) (-9.47589e-16,-1.22026e-15) (-5.25886e-18,1.32503e-16) (0.268058,0.268058) (0.077616,-0.077616)
 (0.826522,-4.32663e-17) (2.1413e-18,-2.28287e-16) (1.40019e-21,4.06576e-20) (-3.31935e-19,-0.455522) (6.06476e-18,1.29621e-15) (-1.20889e-17,9.70122e-16) (-0.32331,0.32331) (-0.276088,0.276088) (0.191346,0.191346) (1.68137e-17,-1.04547e-15) (2.12998e-15,2.45512e-15) (0.151837,0.151837) (3.43427e-17,-6.38975e-16) (2.73343e-15,2.81185e-15) (-0.0363412,0.0363412) (-5.25886e-18,1.32503e-16) (9.67644e-16,-1.2994e-15) (-0.268058,0.268058) (0.077616,0.077616)
 (0.887597,-1.27999e-18) (3.3015e-16,4.41812e-18) (-3.11822e-16,-1.09098e-18) (-9.33312e-16,1.35525e-20) (-1.08657e-17,-4.3822e-21) (3.96349e-18,2.80622e-18) (-1.63642e-17,-8.68277e-17) (-6.26599e-18,8.54292e-16) (0.151989,0.151989) (0.151989,-0.151989) (4.88318e-18,-4.80801e-16) (0.0363412,0.0363412) (0.0363412,-0.0363412) (1.88767e-17,-1.41608e-15) (0.12353,-0.12353) (0.12353,0.12353) (-1.94168e-16,-4.48419e-18) (2.12777e-17,1.05342e-15)
 (1.07058,1.07069e-17) (-1.52042e-18,1.1212e-20) (5.92903e-16,2.00577e-18) (3.11078e-16,1.51788e-18) (-0.296589,0.296589) (-0.27591,0.27591) (0.00157574,0.00157574) (3.54786e-16,2.96258e-17) (5.46655e-18,-1.35489e-15) (-0.28273,-0.28273) (9.47589e-16,1.22026e-15) (5.25886e-18,-1.32503e-16) (0.12353,-0.12353) (8.11958e-17,1.31178e-16) (-8.46841e-18,4.34825e-16) (0.303934,-0.303934) (-0.141474,-0.141474)
 (1.07058,3.65957e-18) (5.61446e-16,-2.84603e-18) (-3.29231e-16,8.13152e-19) (-0.296589,-0.296589) (-0.27591,-0.27591) (0.00157574,-0.00157574) (5.46655e-18,-1.35489e-15) (-3.52929e-16,3.63009e-17) (-0.28273,0.28273) (5.25886e-18,-1.32503e-16) (-9.67644e-16,1.2994e-15) (0.12353,0.12353) (-8.46841e-18,4.34825e-16) (-8.46545e-17,1.26144e-16) (-0.303934,-0.303934) (-0.141474,0.141474)
 (1.15449,-7.60896e-19) (1.59666e-19,1.04446e-34) (2.32527e-16,8.13999e-19) (-1.15595e-15,-2.14198e-17) (3.54168e-16,-4.22585e-18) (-0.34463,-0.34463) (0.34463,-0.34463) (9.75601e-16,-8.08408e-18) (-0.268058,-0.268058) (0.268058,-0.268058) (-1.94168e-16,-4.48419e-18) (0.303934,-0.303934) (-0.303934,-0.303934) (-1.42295e-17,-1.45347e-15) (3.45074e-16,-1.06557e-17)
 (0.692109,-1.52793e-18) (1.57682e-17,1.1487e-15) (2.55167e-17,8.66975e-16) (9.04357e-18,-1.3549e-15) (0.0829534,-0.0829534) (0.0829534,0.0829534) (5.30968e-18,-1.32517e-16) (-0.077616,0.077616) (-0.077616,-0.077616) (2.12777e-17,1.05342e-15) (-0.141474,-0.141474) (-0.141474,0.141474) (3.45074e-16,-1.06557e-17) (-1.0787e-17,1.67843e-16)
 (0.846727,-1.14828e-18) (0.698351,7.00652e-18) (-8.33947e-19,1.32544e-16) (-2.95445e-18,-8.87887e-16) (5.36002e-18,-9.18027e-16) (-1.45856e-18,2.76472e-16) (-7.27771e-18,-1.86133e-15) (-8.70072e-18,-1.89407e-15) (0.0772996,8.2298e-19) (5.65344e-16,-3.07642e-18) (-5.3475e-16,7.25738e-18) (-6.18242e-16,-9.92723e-19) (-1.21736e-17,2.17139e-21)
 (0.692881,-1.71905e-18) (9.82463e-18,-4.20237e-16) (-2.15756e-17,1.04276e-15) (-3.79471e-19,1.07572e-15) (3.35976e-18,-8.23994e-16) (-1.30104e-18,3.81159e-17) (-2.81893e-18,-1.91299e-17) (-0.0458174,2.22086e-19) (-8.23003e-16,-4.24194e-18) (7.7816e-16,-2.01933e-18) (8.95047e-16,-4.54687e-18) (1.13841e-18,8.4101e-21)
 (0.881518,5.74782e-18) (-1.69344e-15,4.98733e-18) (1.59679e-15,1.59378e-17) (-0.0982414,-2.4436e-18) (-2.71022e-15,3.72966e-17) (2.5471e-15,2.73219e-17) (1.61614e-19,-1.7186e-16) (-3.19924e-18,-3.22833e-16) (1.1003e-18,-3.31693e-16) (2.72687e-21,0.329317) (-1.33808e-21,-1.35525e-20)
 (1.21295,1.47052e-18) (2.07625e-17,2.76345e-19) (-2.71022e-15,3.72966e-17) (0.343157,1.21262e-17) (-1.47451e-17,-1.25954e-18) (-5.3397e-18,-4.19529e-16) (9.31922e-20,0.329317) (-1.33808e-21,-1.35525e-20) (9.28009e-18,-4.67469e-16) (-3.25261e-19,9.10058e-16)
 (1.21295,-5.25153e-18) (2.5471e-15,2.73219e-17) (-1.47451e-17,-1.25954e-18) (0.343157,-1.25936e-17) (-2.12775e-18,-4.33588e-16) (-1.33808e-21,-1.35525e-20) (4.76527e-19,-0.329317) (2.43268e-18,4.87326e-16) (9.41901e-18,8.75902e-16)
 (0.718289,-3.92518e-18) (-2.48378e-15,2.42861e-17) (2.29401e-15,1.9082e-17) (-3.10385e-18,-6.31629e-16) (-4.34358e-18,-7.20752e-16) (2.64613e-18,-7.35863e-16) (7.02003e-21,0.455522) (1.40019e-21,4.06576e-20)
 (0.826522,-3.36762e-18) (-4.35849e-17,5.57562e-19) (4.3097e-18,-2.56896e-16) (3.76672e-19,0.455522) (1.40019e-21,4.06576e-20) (-9.88657e-18,-1.23147e-15) (-4.2826e-18,1.01135e-15)
 (0.826522,-4.32663e-17) (2.1413e-18,-2.28287e-16) (1.40019e-21,4.06576e-20) (-3.31935e-19,-0.455522) (6.06476e-18,1.29621e-15) (-1.20889e-17,9.70122e-16)
 (0.887597,-1.27999e-18) (3.3015e-16,4.41812e-18) (-3.11822e-16,-1.09098e-18) (-9.33312e-16,1.35525e-20) (-1.08657e-17,-4.3822e-21)
 (1.07058,1.07069e-17) (-1.52042e-18,1.1212e-20) (5.92903e-16,2.00577e-18) (3.11078e-16,1.51788e-18)
 (1.07058,3.65957e-18) (5.61446e-16,-2.84603e-18) (-3.29231e-16,8.13152e-19)
 (1.15449,-7.60896e-19) (1.59666e-19,1.04446e-34)
 (0.692109,-1.52793e-18)
