26 (1.49965,0) (-1.41677,0) (2.60209e-18,0) (5.10253e-18,0) (-2.82909e-17,0) (5.42101e-18,0) (7.61923e-17,0) (1.07065e-17,0) (-1.58497e-17,0) (-5.85469e-18,0) (-2.10064e-19,0) (5.64572e-17,0) (-6.45778e-18,0) (1.24516,0) (-1.87762,0) (-5.56952e-17,0) (-1.5013e-16,0) (-6.5562e-17,0) (-8.24544e-17,0) (-1.67801e-16,0) (-1.26213e-16,0) (-6.6938e-17,0) (-2.47423e-17,0) (-5.87849e-17,0) (-5.29285e-17,0) (-1.88346e-17,0)
 (3.24615,0) (9.97466e-18,0) (-5.80048e-18,0) (-2.05456e-17,0) (3.1225e-17,0) (2.68882e-17,0) (-1.12757e-17,0) (4.14978e-17,0) (3.04932e-18,0) (-2.23617e-19,0) (-9.61553e-17,0) (1.18991e-17,0) (-1.87762,0) (2.38584,0) (5.96498e-17,0) (-3.07913e-17,0) (7.38409e-17,0) (7.91468e-17,0) (2.1619e-16,0) (-7.69784e-17,0) (-1.22373e-16,0) (1.68949e-17,0) (6.35038e-17,0) (-2.20473e-16,0) (1.71236e-17,0)
 (0.545597,0) (2.27682e-17,0) (4.33681e-18,0) (-0.512717,0) (-2.08167e-17,0) (-5.63785e-18,0) (1.27394e-18,0) (5.19739e-18,0) (-3.89974e-18,0) (2.68848e-18,0) (-6.77626e-21,0) (5.56952e-17,0) (-5.96498e-17,0) (-0.124362,0) (-4.67782e-17,0) (-4.8081e-17,0) (0.0998286,0) (-4.60108e-17,0) (4.45878e-18,0) (-2.58701e-17,0) (-4.14538e-18,0) (3.55161e-18,0) (2.00323e-19,0) (0.544996,0)
 (0.545597,0) (2.52619e-17,0) (-2.08167e-17,0) (-0.512717,0) (-2.51535e-17,0) (-1.69407e-18,0) (3.37119e-19,0) (0,0) (-5.82759e-19,0) (3.06287e-18,0) (1.5013e-16,0) (3.07913e-17,0) (-4.67782e-17,0) (-0.124362,0) (-8.40257e-18,0) (-4.60108e-17,0) (0.0998286,0) (2.49231e-17,0) (2.3783e-17,0) (3.35086e-18,0) (0.544996,0) (-3.65918e-18,0) (4.83148e-18,0)
 (0.545597,0) (-5.63785e-18,0) (-2.51535e-17,0) (-0.512717,0) (-5.15674e-18,0) (0,0) (-1.56532e-18,0) (6.64074e-19,0) (7.54876e-18,0) (6.5562e-17,0) (-7.38409e-17,0) (-4.8081e-17,0) (-8.40257e-18,0) (-0.124362,0) (4.45878e-18,0) (2.49231e-17,0) (0.0998286,0) (-5.16521e-18,0) (0.544996,0) (-2.61945e-18,0) (1.27868e-17,0) (-2.82909e-19,0)
 (0.551298,0) (-2.60209e-17,0) (3.64292e-17,0) (-3.7405e-18,0) (-1.84314e-18,0) (-1.31324e-17,0) (-1.42302e-19,0) (-1.35525e-20,0) (8.24544e-17,0) (-7.91468e-17,0) (0.0998286,0) (-4.60108e-17,0) (4.45878e-18,0) (-0.0341076,0) (2.39744e-17,0) (2.55601e-17,0) (-8.28398e-18,0) (-6.64074e-18,0) (2.52314e-17,0) (-2.67154e-18,0) (-0.408543,0)
 (0.551298,0) (-2.27682e-17,0) (-3.52366e-18,0) (4.79759e-18,0) (0,0) (-5.42101e-19,0) (-6.34258e-18,0) (1.67801e-16,0) (-2.1619e-16,0) (-4.60108e-17,0) (0.0998286,0) (2.49231e-17,0) (2.39744e-17,0) (-0.0341076,0) (1.61546e-17,0) (-9.16151e-18,0) (-4.97039e-18,0) (-0.408543,0) (2.46792e-17,0) (1.69813e-17,0)
 (0.551298,0) (3.41524e-18,0) (0,0) (-1.84314e-18,0) (-6.39002e-18,0) (3.25261e-18,0) (1.26213e-16,0) (7.69784e-17,0) (4.45878e-18,0) (2.49231e-17,0) (0.0998286,0) (2.55601e-17,0) (1.61546e-17,0) (-0.0341076,0) (5.26854e-18,0) (-0.408543,0) (1.45927e-17,0) (-9.50032e-18,0) (-1.50975e-17,0)
 (0.927714,0) (3.40168e-18,0) (-1.89735e-19,0) (6.83557e-17,0) (-7.65718e-19,0) (-6.6938e-17,0) (-1.22373e-16,0) (2.58701e-17,0) (-2.3783e-17,0) (5.16521e-18,0) (8.28398e-18,0) (9.16151e-18,0) (-5.26854e-18,0) (-0.602927,0) (-2.47643e-17,0) (3.09264e-17,0) (-7.29753e-17,0) (6.56942e-17,0)
 (1.16732,0) (-9.25976e-18,0) (-2.35814e-18,0) (-4.60786e-19,0) (-2.47423e-17,0) (1.68949e-17,0) (4.14538e-18,0) (-3.35086e-18,0) (-0.544996,0) (6.64074e-18,0) (4.97039e-18,0) (0.408543,0) (-2.47643e-17,0) (0.140487,0) (4.13352e-18,0) (4.17922e-17,0) (2.60717e-18,0)
 (1.16732,0) (1.0571e-17,0) (-7.23705e-18,0) (-5.87849e-17,0) (6.35038e-17,0) (-3.55161e-18,0) (-0.544996,0) (2.61945e-18,0) (-2.52314e-17,0) (0.408543,0) (-1.45927e-17,0) (3.09264e-17,0) (4.13352e-18,0) (0.140487,0) (-6.61533e-18,0) (-2.35856e-18,0)
 (0.927714,0) (7.03148e-21,0) (-5.29285e-17,0) (-2.20473e-16,0) (-2.00323e-19,0) (3.65918e-18,0) (-1.27868e-17,0) (2.67154e-18,0) (-2.46792e-17,0) (9.50032e-18,0) (-7.29753e-17,0) (4.17922e-17,0) (-6.61533e-18,0) (-0.602927,0) (-1.69407e-19,0)
 (1.16732,0) (-1.88346e-17,0) (1.71236e-17,0) (-0.544996,0) (-4.83148e-18,0) (2.82909e-19,0) (0.408543,0) (-1.69813e-17,0) (1.50975e-17,0) (6.56942e-17,0) (2.60717e-18,0) (-2.35856e-18,0) (-1.69407e-19,0) (0.140487,0)
 (1.49965,0) (-1.41677,0) (2.60209e-18,0) (5.10253e-18,0) (-2.82909e-17,0) (5.42101e-18,0) (7.61923e-17,0) (1.07065e-17,0) (-1.58497e-17,0) (-5.85469e-18,0) (-2.10064e-19,0) (5.64572e-17,0) (-6.45778e-18,0)
 (3.24615,0) (9.97466e-18,0) (-5.80048e-18,0) (-2.05456e-17,0) (3.1225e-17,0) (2.68882e-17,0) (-1.12757e-17,0) (4.14978e-17,0) (3.04932e-18,0) (-2.23617e-19,0) (-9.61553e-17,0) (1.18991e-17,0)
 (0.545597,0) (2.27682e-17,0) (4.33681e-18,0) (-0.512717,0) (-2.08167e-17,0) (-5.63785e-18,0) (1.27394e-18,0) (5.19739e-18,0) (-3.89974e-18,0) (2.68848e-18,0) (-6.77626e-21,0)
 (0.545597,0) (2.52619e-17,0) (-2.08167e-17,0) (-0.512717,0) (-2.51535e-17,0) (-1.69407e-18,0) (3.37119e-19,0) (0,0) (-5.82759e-19,0) (3.06287e-18,0)
 (0.545597,0) (-5.63785e-18,0) (-2.51535e-17,0) (-0.512717,0) (-5.15674e-18,0) (0,0) (-1.56532e-18,0) (6.64074e-19,0) (7.54876e-18,0)
 (0.551298,0) (-2.60209e-17,0) (3.64292e-17,0) (-3.7405e-18,0) (-1.84314e-18,0) (-1.31324e-17,0) (-1.42302e-19,0) (-1.35525e-20,0)
 (0.551298,0) (-2.27682e-17,0) (-3.52366e-18,0) (4.79759e-18,0) (0,0) (-5.42101e-19,0) (-6.34258e-18,0)
 (0.551298,0) (3.41524e-18,0) (0,0) (-1.84314e-18,0) (-6.39002e-18,0) (3.25261e-18,0)
 (0.927714,0) (3.40168e-18,0) (-1.89735e-19,0) (6.83557e-17,0) (-7.65718e-19,0)
 (1.16732,0) (-9.25976e-18,0) (-2.35814e-18,0) (-4.60786e-19,0)
 (1.16732,0) (1.0571e-17,0) (-7.23705e-18,0)
 (0.927714,0) (7.03148e-21,0)
 (1.16732,0)
