26 (1.16361,2.73761e-18) (-0.293798,3.03577e-17) (2.88611e-19,-0.571432) (4.28937e-18,1.69136e-17) (1.99087e-17,-4.66207e-18) (9.54762e-19,-1.27055) (-3.54128e-17,-1.0842e-17) (9.77137e-18,3.03577e-18) (-0.0902009,-1.87364e-18) (-2.14165e-21,-1.61953e-18) (5.25786e-21,-1.65341e-18) (1.84348e-17,3.18484e-19) (6.43745e-19,0) (0.556983,-0.556983) (-0.640854,0.640854) (-0.609214,-0.609214) (3.02835e-17,-6.02672e-17) (7.56023e-17,-8.31956e-18) (-0.883881,-0.883881) (-3.51383e-18,4.52519e-17) (2.63457e-17,1.47096e-17) (-0.0372172,0.0372172) (1.772e-17,-1.12698e-18) (3.03296e-17,-1.43574e-17) (-3.26018e-17,3.4293e-17) (0.26625,0.26625)
 (1.56172,1.56125e-17) (-2.9852e-18,1.0121) (3.0195e-17,2.68882e-17) (1.61546e-17,-2.86229e-17) (9.44826e-18,1.14179) (5.85469e-18,3.46945e-17) (5.85469e-18,0) (0.200628,-2.30393e-19) (-1.92701e-20,-9.33769e-18) (5.241e-20,2.10064e-19) (-2.7533e-17,-9.48677e-19) (7.86047e-19,-1.35525e-20) (-0.640854,0.640854) (0.382033,-0.382033) (0.419644,0.419644) (-2.35316e-19,3.12521e-17) (-1.9007e-17,4.05695e-17) (0.796843,0.796843) (3.55567e-17,4.36391e-17) (2.59223e-18,1.2631e-17) (0.196837,-0.196837) (7.45451e-18,1.16891e-18) (-2.19673e-17,5.19062e-18) (-5.83196e-17,6.11626e-17) (0.410986,0.410986)
 (1.26857,-1.37152e-17) (-2.86103e-19,-1.95156e-18) (-3.61392e-19,-6.28837e-18) (0.739677,-3.03577e-18) (-2.81249e-19,2.60209e-17) (-2.05034e-19,5.63785e-18) (-2.38359e-19,-0.0244668) (-3.77777e-19,-3.86247e-19) (-3.7693e-19,2.26666e-18) (2.05326e-21,8.05749e-17) (2.08723e-21,0) (0.609214,0.609214) (-0.419644,-0.419644) (0.314302,-0.314302) (4.00481e-17,-1.6778e-17) (4.14593e-17,1.64917e-17) (0.850258,-0.850258) (4.59329e-18,3.29665e-17) (5.27937e-19,5.91568e-18) (-0.304112,-0.304112) (-7.74865e-18,-1.54689e-19) (5.99027e-19,6.07852e-19) (-7.58052e-18,-8.97982e-18) (0.300156,-0.300156)
 (0.665168,2.60209e-18) (7.58942e-18,0) (-2.81249e-19,2.60209e-17) (-0.417857,-8.67362e-19) (1.34441e-17,0) (-6.77626e-21,7.708e-18) (-3.58354e-20,0.142934) (-4.68903e-21,0) (-3.90059e-18,-2.27682e-18) (-2.00577e-18,-7.82658e-19) (-3.02835e-17,6.02672e-17) (2.35316e-19,-3.12521e-17) (4.00481e-17,-1.6778e-17) (-0.06116,0.06116) (-0.266648,-0.266648) (4.59329e-18,3.29665e-17) (0.0494776,-0.0494776) (0.0462805,0.0462805) (-1.55195e-18,-3.7388e-18) (0.0858812,0.0858812) (0.300156,-0.300156) (-3.99357e-18,-1.26818e-17) (-1.26736e-18,2.29038e-18)
 (0.665168,4.66207e-18) (-2.05034e-19,5.63785e-18) (1.34441e-17,0) (-0.417857,6.93889e-18) (-1.35525e-20,-2.92226e-18) (-4.68903e-21,0) (-4.68541e-19,0.142934) (-1.27733e-18,-1.73472e-18) (-5.27193e-18,1.27394e-18) (-7.56023e-17,8.31956e-18) (1.9007e-17,-4.05695e-17) (4.14593e-17,1.64917e-17) (-0.266648,-0.266648) (-0.06116,0.06116) (5.27937e-19,5.91568e-18) (0.0462805,0.0462805) (0.0494776,-0.0494776) (-1.83713e-17,-4.11658e-19) (0.300156,-0.300156) (0.0858812,0.0858812) (-1.08679e-17,4.57398e-20) (1.84e-18,-9.38174e-18)
 (2.26194,-1.38778e-17) (3.07872e-18,1.9082e-17) (2.77494e-18,8.67362e-18) (-2.60473e-18,-0.220216) (6.85419e-18,-2.33103e-18) (2.49028e-18,-3.483e-18) (-9.8834e-21,1.11314e-16) (-1.50944e-21,2.71051e-20) (0.883881,0.883881) (-0.796843,-0.796843) (0.850258,-0.850258) (4.59329e-18,3.29665e-17) (5.27937e-19,5.91568e-18) (1.29195,-1.29195) (1.37676e-20,4.75287e-17) (-4.06046e-17,2.63935e-17) (-0.0961439,-0.0961439) (3.90502e-19,-3.26192e-18) (-2.69239e-17,1.38183e-17) (9.84409e-17,9.96195e-17) (-0.139158,0.139158)
 (0.430462,1.04083e-17) (-2.05998e-17,0) (5.39391e-18,1.26039e-17) (-1.29773e-19,0.038453) (-1.50944e-21,4.06576e-20) (-5.52265e-18,-9.48677e-19) (2.87314e-18,-2.00577e-18) (3.51383e-18,-4.52519e-17) (-3.55567e-17,-4.36391e-17) (4.59329e-18,3.29665e-17) (0.0494776,-0.0494776) (0.0462805,0.0462805) (1.37676e-20,4.75287e-17) (-0.0219693,0.0219693) (0.0380563,0.0380563) (-3.63115e-18,1.39659e-17) (-0.0837784,-0.0837784) (-0.139158,0.139158) (-1.61327e-17,6.8508e-18) (-2.54259e-18,-1.32815e-18)
 (0.430462,1.38778e-17) (8.83625e-18,-3.7676e-18) (-1.50944e-21,4.06576e-20) (3.84661e-19,0.038453) (5.59381e-18,1.71439e-18) (-6.50521e-19,5.96311e-19) (-2.63457e-17,-1.47096e-17) (-2.59223e-18,-1.2631e-17) (5.27937e-19,5.91568e-18) (0.0462805,0.0462805) (0.0494776,-0.0494776) (-4.06046e-17,2.63935e-17) (0.0380563,0.0380563) (-0.0219693,0.0219693) (2.88335e-18,8.06375e-19) (-0.139158,0.139158) (-0.0837784,-0.0837784) (1.43255e-17,-1.17026e-17) (-2.38393e-17,4.86536e-18)
 (1.11392,7.65718e-19) (-1.3132e-20,2.45301e-18) (-5.27322e-20,-5.06865e-18) (-2.10136e-17,-8.26704e-19) (-1.64663e-18,0) (-0.0372172,0.0372172) (0.196837,-0.196837) (0.304112,0.304112) (1.55195e-18,3.7388e-18) (1.83713e-17,4.11658e-19) (0.0961439,0.0961439) (3.63115e-18,-1.39659e-17) (-2.88335e-18,-8.06375e-19) (-0.363512,0.363512) (1.70865e-17,3.72694e-19) (2.6016e-17,1.02383e-17) (-5.6596e-17,5.65166e-17) (0.327441,0.327441)
 (0.928653,3.60497e-18) (5.40492e-18,0) (-1.56614e-20,-5.99022e-18) (-1.01479e-20,-3.60497e-18) (1.772e-17,-1.12698e-18) (7.45451e-18,1.16891e-18) (7.74865e-18,1.54689e-19) (-0.0858812,-0.0858812) (-0.300156,0.300156) (-3.90502e-19,3.26192e-18) (0.0837784,0.0837784) (0.139158,-0.139158) (1.70865e-17,3.72694e-19) (0.0574548,-0.0574548) (0.100797,0.100797) (1.00231e-17,-1.32188e-17) (3.17856e-18,3.09167e-19)
 (0.928653,-3.25261e-19) (-2.33543e-21,-4.87891e-19) (-2.89339e-20,-4.87891e-19) (3.03296e-17,-1.43574e-17) (-2.19673e-17,5.19062e-18) (-5.99027e-19,-6.07852e-19) (-0.300156,0.300156) (-0.0858812,-0.0858812) (2.69239e-17,-1.38183e-17) (0.139158,-0.139158) (0.0837784,0.0837784) (2.6016e-17,1.02383e-17) (0.100797,0.100797) (0.0574548,-0.0574548) (9.46576e-18,-1.81566e-17) (-9.20652e-18,4.62056e-19)
 (0.839571,1.21973e-19) (-1.4294e-34,0) (-3.26018e-17,3.4293e-17) (-5.83196e-17,6.11626e-17) (7.58052e-18,8.97982e-18) (3.99357e-18,1.26818e-17) (1.08679e-17,-4.57398e-20) (-9.84409e-17,-9.96195e-17) (1.61327e-17,-6.8508e-18) (-1.43255e-17,1.17026e-17) (-5.6596e-17,5.65166e-17) (1.00231e-17,-1.32188e-17) (9.46576e-18,-1.81566e-17) (-0.297288,0.297288) (-1.36062e-17,-1.24599e-17)
 (1.31664,1.57209e-18) (0.26625,0.26625) (0.410986,0.410986) (-0.300156,0.300156) (1.26736e-18,-2.29038e-18) (-1.84e-18,9.38174e-18) (0.139158,-0.139158) (2.54259e-18,1.32815e-18) (2.38393e-17,-4.86536e-18) (0.327441,0.327441) (3.17856e-18,3.09167e-19) (-9.20652e-18,4.62056e-19) (-1.36062e-17,-1.24599e-17) (0.0696552,-0.0696552)
 (1.16361,2.73761e-18) (-0.293798,3.03577e-17) (2.88611e-19,-0.571432) (4.28937e-18,1.69136e-17) (1.99087e-17,-4.66207e-18) (9.54762e-19,-1.27055) (-3.54128e-17,-1.0842e-17) (9.77137e-18,3.03577e-18) (-0.0902009,-1.87364e-18) (-2.14165e-21,-1.61953e-18) (5.25786e-21,-1.65341e-18) (1.84348e-17,3.18484e-19) (6.43745e-19,0)
 (1.56172,1.56125e-17) (-2.9852e-18,1.0121) (3.0195e-17,2.68882e-17) (1.61546e-17,-2.86229e-17) (9.44826e-18,1.14179) (5.85469e-18,3.46945e-17) (5.85469e-18,0) (0.200628,-2.30393e-19) (-1.92701e-20,-9.33769e-18) (5.241e-20,2.10064e-19) (-2.7533e-17,-9.48677e-19) (7.86047e-19,-1.35525e-20)
 (1.26857,-1.37152e-17) (-2.86103e-19,-1.95156e-18) (-3.61392e-19,-6.28837e-18) (0.739677,-3.03577e-18) (-2.81249e-19,2.60209e-17) (-2.05034e-19,5.63785e-18) (-2.38359e-19,-0.0244668) (-3.77777e-19,-3.86247e-19) (-3.7693e-19,2.26666e-18) (2.05326e-21,8.05749e-17) (2.08723e-21,0)
 (0.665168,2.60209e-18) (7.58942e-18,0) (-2.81249e-19,2.60209e-17) (-0.417857,-8.67362e-19) (1.34441e-17,0) (-6.77626e-21,7.708e-18) (-3.58354e-20,0.142934) (-4.68903e-21,0) (-3.90059e-18,-2.27682e-18) (-2.00577e-18,-7.82658e-19)
 (0.665168,4.66207e-18) (-2.05034e-19,5.63785e-18) (1.34441e-17,0) (-0.417857,6.93889e-18) (-1.35525e-20,-2.92226e-18) (-4.68903e-21,0) (-4.68541e-19,0.142934) (-1.27733e-18,-1.73472e-18) (-5.27193e-18,1.27394e-18)
 (2.26194,-1.38778e-17) (3.07872e-18,1.9082e-17) (2.77494e-18,8.67362e-18) (-2.60473e-18,-0.220216) (6.85419e-18,-2.33103e-18) (2.49028e-18,-3.483e-18) (-9.8834e-21,1.11314e-16) (-1.50944e-21,2.71051e-20)
 (0.430462,1.04083e-17) (-2.05998e-17,0) (5.39391e-18,1.26039e-17) (-1.29773e-19,0.038453) (-1.50944e-21,4.06576e-20) (-5.52265e-18,-9.48677e-19) (2.87314e-18,-2.00577e-18)
 (0.430462,1.38778e-17) (8.83625e-18,-3.7676e-18) (-1.50944e-21,4.06576e-20) (3.84661e-19,0.038453) (5.59381e-18,1.71439e-18) (-6.50521e-19,5.96311e-19)
 (1.11392,7.65718e-19) (-1.3132e-20,2.45301e-18) (-5.27322e-20,-5.06865e-18) (-2.10136e-17,-8.26704e-19) (-1.64663e-18,0)
 (0.928653,3.60497e-18) (5.40492e-18,0) (-1.56614e-20,-5.99022e-18) (-1.01479e-20,-3.60497e-18)
 (0.928653,-3.25261e-19) (-2.33543e-21,-4.87891e-19) (-2.89339e-20,-4.87891e-19)
 (0.839571,1.21973e-19) (-1.4294e-34,0)
 (1.31664,1.57209e-18)
