26 (0.0480133,-1.71281e-18) (0.043536,-4.33046e-18) (-3.61205e-17,-7.09531e-17) (2.21838e-16,3.05875e-16) (1.44483e-16,3.27608e-16) (1.48386e-18,-6.37257e-17) (2.01105e-16,2.01499e-16) (1.38507e-17,1.72423e-16) (-0.0401079,1.6226e-19) (-3.83968e-16,9.17856e-17) (4.98589e-16,8.08767e-17) (2.57335e-16,-1.92446e-18) (-6.70064e-17,5.12894e-18) (3.46174e-17,-5.30617e-16) (-9.79895e-17,-8.08977e-16) (4.74638e-17,3.30548e-16) (-0.0569817,-0.0569817) (-0.0569817,0.0569817) (1.17618e-17,-2.35204e-17) (0.0951865,0.0951865) (0.0951865,-0.0951865) (-4.98544e-18,9.46305e-18) (0.00352559,-0.00352559) (0.00352559,0.00352559) (-1.19224e-16,3.65749e-18) (2.12828e-18,6.7495e-17)
 (0.310272,1.33696e-17) (1.08226e-16,-7.94331e-17) (-1.11644e-16,3.48932e-16) (1.53179e-16,4.58281e-16) (1.22888e-16,-6.14326e-16) (-1.31034e-18,1.05775e-15) (1.57392e-16,1.12042e-15) (-0.0984673,4.26947e-18) (-3.74755e-16,-2.57256e-16) (5.03761e-16,-1.52096e-16) (4.85051e-16,3.47114e-18) (-2.70327e-17,-1.44131e-17) (-5.28867e-17,-9.06122e-16) (-2.0797e-16,-1.38778e-16) (3.65051e-17,6.69102e-16) (-0.13305,-0.13305) (-0.13305,0.13305) (1.96184e-17,8.3245e-16) (0.0395842,0.0395842) (0.0395842,-0.0395842) (1.93519e-17,1.09504e-16) (0.00692082,-0.00692082) (0.00692082,0.00692082) (-4.66873e-16,-1.19533e-17) (-6.66666e-18,-1.25388e-16)
 (0.324918,-1.37439e-17) (2.55735e-16,1.50221e-16) (-5.03808e-17,1.62576e-16) (-0.184024,2.69323e-17) (-3.6555e-16,8.52573e-17) (3.20674e-16,1.71541e-16) (-9.89435e-17,6.89105e-17) (-1.31103e-16,9.23689e-17) (2.47125e-16,8.90136e-17) (-1.04573e-17,-0.0292516) (-0.0814206,1.65762e-17) (-2.05534e-16,-3.05394e-16) (5.12822e-18,-6.78656e-16) (3.27181e-17,-1.03948e-16) (0.0247991,-0.0247991) (0.0247991,0.0247991) (3.42409e-17,4.03808e-16) (0.114054,-0.114054) (0.114054,0.114054) (1.42347e-17,-2.87446e-16) (-0.0348871,-0.0348871) (-0.0348871,0.0348871) (4.77863e-17,5.28549e-18) (-1.23057e-16,3.60114e-16)
 (0.288144,1.6119e-18) (2.1122e-17,-0.0592322) (-3.73425e-16,-1.91079e-16) (-0.100491,-6.24094e-18) (-5.65144e-17,-0.083122) (1.24597e-16,1.08704e-17) (-8.49759e-17,-0.0527041) (-0.158461,2.79918e-17) (-6.4103e-17,1.25582e-16) (1.39757e-16,-1.19754e-16) (0.0569817,0.0569817) (0.13305,0.13305) (0.0247991,-0.0247991) (1.98139e-16,-2.63759e-16) (1.35096e-16,-2.23129e-16) (0.135965,-0.135965) (-7.68625e-17,7.6111e-17) (8.7227e-17,-7.46473e-16) (-0.0267139,-0.0267139) (6.5598e-17,1.30606e-16) (-9.54633e-17,4.16144e-16) (0.0522335,0.0522335) (-0.0346631,0.0346631)
 (0.288144,-8.30812e-18) (2.98179e-16,-1.07142e-16) (-3.93814e-17,0.083122) (-0.100491,2.28157e-17) (-3.10475e-17,-2.0865e-17) (-0.158461,-1.54305e-17) (-9.95516e-17,0.0527041) (-4.28092e-17,-1.01829e-16) (-1.86372e-16,-1.37964e-16) (0.0569817,-0.0569817) (0.13305,-0.13305) (0.0247991,0.0247991) (9.5197e-17,-1.47587e-16) (-1.59278e-16,-1.86185e-16) (0.135965,0.135965) (-1.56048e-16,-6.17345e-16) (5.35725e-18,9.72529e-17) (-0.0267139,0.0267139) (6.50536e-17,2.60598e-16) (-1.77304e-16,2.46417e-16) (-0.0522335,0.0522335) (-0.0346631,-0.0346631)
 (0.909405,-8.43645e-18) (-1.47538e-15,1.86713e-16) (1.47702e-15,2.11801e-16) (-1.13739e-16,1.26334e-16) (-2.73107e-16,-6.59983e-17) (2.78043e-16,-9.86209e-17) (1.04861e-17,0.196404) (0.00183666,1.88283e-17) (-8.15844e-17,1.83115e-16) (6.71178e-17,-7.17471e-16) (2.01463e-17,2.66876e-16) (0.135965,-0.135965) (0.135965,0.135965) (2.19487e-17,1.26848e-15) (0.111145,-0.111145) (0.111145,0.111145) (7.91991e-18,-2.06934e-16) (0.157299,0.157299) (0.157299,-0.157299) (-1.37902e-16,9.7646e-18) (-5.28985e-17,4.85628e-16)
 (1.03178,5.96311e-19) (-4.4438e-17,-0.0876018) (-4.3172e-17,-3.36509e-16) (1.87101e-17,0.1463) (-0.110093,3.5317e-18) (2.01091e-17,-8.48388e-18) (3.06392e-16,3.33074e-16) (-0.0951865,-0.0951865) (-0.0395842,-0.0395842) (0.114054,-0.114054) (-9.44266e-17,1.19262e-16) (-8.14274e-17,-6.10623e-16) (0.111145,-0.111145) (-1.23174e-15,1.28239e-15) (3.10059e-17,-9.66241e-16) (-0.0384957,-0.0384957) (-1.76894e-16,-3.277e-16) (-3.30434e-16,4.0396e-16) (0.186764,0.186764) (0.0526332,-0.0526332)
 (1.03178,-1.63172e-17) (1.93074e-17,-4.0122e-16) (-0.110093,-1.12122e-17) (-3.83214e-17,-0.1463) (1.23605e-18,3.15045e-17) (-1.9015e-16,3.4675e-16) (-0.0951865,0.0951865) (-0.0395842,0.0395842) (0.114054,0.114054) (1.08017e-16,-8.33101e-16) (6.65062e-17,1.00722e-16) (0.111145,0.111145) (-1.81606e-16,-8.79505e-16) (1.10024e-15,1.15489e-15) (-0.0384957,0.0384957) (3.40961e-16,3.549e-16) (1.35482e-16,-2.62946e-16) (-0.186764,0.186764) (0.0526332,0.0526332)
 (1.27798,-4.25475e-19) (1.07644e-16,-5.10845e-17) (-9.76156e-17,-5.75612e-17) (-7.10187e-17,-6.95658e-18) (4.73925e-17,-5.76522e-18) (1.32838e-17,1.22142e-18) (-2.75195e-17,9.73343e-17) (2.79068e-18,2.6362e-16) (0.0267139,0.0267139) (0.0267139,-0.0267139) (-3.50178e-18,1.73167e-16) (0.0384957,0.0384957) (0.0384957,-0.0384957) (6.67687e-17,-8.05544e-16) (0.112413,-0.112413) (0.112413,0.112413) (3.91476e-17,-2.19847e-17) (-1.02808e-17,7.08155e-16)
 (1.1887,-1.01425e-17) (5.32038e-17,0.0772471) (1.51346e-16,5.304e-17) (6.28297e-17,-1.54008e-16) (0.00352559,-0.00352559) (0.00692082,-0.00692082) (0.0348871,0.0348871) (9.86243e-18,-2.82845e-16) (-8.80861e-17,-4.06745e-16) (-0.157299,-0.157299) (8.76641e-17,2.89455e-16) (-3.34863e-16,-4.06928e-16) (0.112413,-0.112413) (8.37118e-17,1.71121e-16) (3.7797e-17,7.25032e-16) (0.133709,-0.133709) (-0.15988,-0.15988)
 (1.1887,5.4713e-20) (7.25602e-17,-3.6593e-17) (1.5331e-16,-1.3623e-16) (0.00352559,0.00352559) (0.00692082,0.00692082) (0.0348871,-0.0348871) (1.54901e-16,-2.5783e-16) (1.39384e-16,-2.13462e-16) (-0.157299,0.157299) (2.8445e-16,-4.24723e-16) (-1.61394e-16,2.55011e-16) (0.112413,0.112413) (1.02591e-17,6.98135e-16) (-8.51301e-17,2.23126e-16) (-0.133709,-0.133709) (-0.15988,0.15988)
 (1.25402,1.71905e-18) (3.67324e-17,0.0176748) (-9.14214e-17,-2.43437e-18) (-4.91078e-16,-3.17129e-18) (-6.92671e-17,2.60615e-17) (-0.0522335,-0.0522335) (0.0522335,-0.0522335) (1.25109e-16,-4.45065e-17) (-0.186764,-0.186764) (0.186764,-0.186764) (2.79249e-17,-1.43902e-17) (0.133709,-0.133709) (-0.133709,-0.133709) (7.25844e-17,-8.1804e-16) (-1.76667e-16,2.86822e-17)
 (1.14026,-1.84028e-18) (-1.39141e-16,4.23516e-17) (-1.57091e-18,-1.93042e-16) (5.54261e-17,-2.76844e-16) (0.0346631,-0.0346631) (0.0346631,0.0346631) (-6.8112e-17,-4.42924e-16) (-0.0526332,0.0526332) (-0.0526332,-0.0526332) (-3.59722e-17,6.80826e-16) (-0.15988,-0.15988) (-0.15988,0.15988) (-1.99272e-16,-1.47045e-17) (-5.22387e-17,2.07991e-16)
 (0.0480133,-1.82123e-18) (0.043536,3.04212e-18) (9.3546e-17,-9.50908e-17) (-1.82945e-16,3.02948e-16) (-1.38644e-16,3.05111e-16) (-6.51532e-17,-2.52859e-16) (1.59208e-16,2.66117e-16) (5.31573e-18,2.84313e-16) (-0.0401079,3.48602e-18) (-2.94663e-16,-8.71032e-17) (2.86489e-16,-9.38464e-17) (9.32219e-17,-2.94429e-18) (-1.41417e-16,6.93154e-18)
 (0.310272,2.96123e-18) (2.86802e-17,-9.66431e-17) (-1.13231e-16,4.77306e-16) (-1.87949e-16,4.89072e-16) (-5.81311e-17,-6.45107e-16) (1.06598e-16,1.11848e-15) (-2.08469e-16,1.15861e-15) (-0.0984673,5.35325e-18) (-4.88525e-16,1.85914e-16) (5.12147e-16,1.85706e-16) (4.69589e-16,-7.58984e-18) (-3.14156e-17,1.96918e-17)
 (0.324918,-1.90794e-19) (3.35682e-16,-1.31573e-16) (-1.65374e-16,-1.37965e-16) (-0.184024,-6.3951e-20) (-2.97299e-16,-2.66103e-16) (3.39583e-16,-1.65471e-16) (7.30196e-17,6.96258e-17) (1.01185e-16,6.80017e-17) (-1.49805e-16,1.02281e-16) (-2.10455e-17,-0.0292516) (0.0814206,3.13455e-17)
 (0.288144,-4.02595e-18) (-7.18822e-17,0.0592322) (-3.20179e-16,2.04087e-16) (-0.100491,3.1059e-17) (-3.79468e-17,0.083122) (3.72157e-17,1.66165e-17) (6.94277e-17,-0.0527041) (0.158461,6.94715e-18) (-1.0212e-16,1.28455e-16) (-2.28976e-16,-1.51792e-16)
 (0.288144,2.57498e-19) (3.42703e-16,1.33816e-16) (-4.55358e-17,-0.083122) (-0.100491,-1.70851e-17) (-2.87683e-17,3.26542e-18) (0.158461,-7.47295e-18) (-5.34662e-17,0.0527041) (7.53979e-17,-1.21344e-16) (1.82853e-16,-1.31866e-16)
 (0.909405,5.01105e-18) (-1.43181e-15,-1.52015e-16) (1.40279e-15,-2.10928e-16) (-8.53248e-17,1.16632e-16) (3.55738e-16,-5.27718e-17) (-3.41713e-16,-8.50145e-17) (1.05764e-17,0.196404) (-0.00183666,2.51903e-17)
 (1.03178,2.14265e-17) (-1.62606e-17,0.0876018) (2.80448e-17,-3.34341e-16) (-4.4785e-17,0.1463) (0.110093,4.76426e-17) (2.65245e-17,2.57413e-18) (-2.10062e-16,3.00985e-16)
 (1.03178,-1.32611e-17) (-9.63604e-17,-3.56388e-16) (0.110093,-3.10099e-18) (-5.85005e-18,-0.1463) (5.02796e-17,1.8711e-17) (2.6355e-16,3.13356e-16)
 (1.27798,4.41781e-19) (1.779e-16,5.72782e-17) (-8.81447e-17,6.51573e-17) (-5.39288e-17,-6.07153e-18) (2.79657e-17,4.10229e-18)
 (1.1887,1.60936e-19) (2.13123e-17,-0.0772471) (2.44393e-16,-3.86539e-17) (-1.64873e-16,1.24057e-16)
 (1.1887,8.75857e-18) (1.77591e-16,2.5453e-17) (1.67959e-16,1.47046e-16)
 (1.25402,1.70571e-18) (2.28046e-17,-0.0176748)
 (1.14026,1.6155e-18)
