26 (-0.187681,-8.23377e-18) (0.32751,-0.00143572) (0.00911362,0.128437) (-0.00911362,-0.128437) (-0.00911362,-0.128437) (0.012776,0.185151) (-0.012776,-0.185151) (-0.012776,-0.185151) (-5.92905e-17,-2.00588e-18) (-0.0441697,-0.0245611) (-0.0441697,-0.0245611) (-1.29612e-16,-3.93079e-19) (0.0441697,0.0245611) (-0.137298,0.367489) (0.0292406,-0.00271387) (0.119595,0.0614214) (-0.119595,-0.0614214) (-0.119595,-0.0614214) (0.144441,0.0229958) (-0.144441,-0.0229958) (-0.144441,-0.0229958) (-4.61197e-17,1.2662e-16) (-0.00206531,0.0126698) (-0.00206531,0.0126698) (-9.76679e-17,2.38623e-16) (0.00206531,-0.0126698)
 (0.940368,-1.30665e-17) (-0.021334,0.00172635) (0.021334,-0.00172635) (0.021334,-0.00172635) (-0.0238287,0.177618) (0.0238287,-0.177618) (0.0238287,-0.177618) (2.42887e-17,-4.32307e-18) (-0.0360931,0.0681057) (-0.0360931,0.0681057) (6.36723e-17,1.14933e-17) (0.0360931,-0.0681057) (0.0292406,-0.00271387) (0.170171,-0.238206) (0.03167,0.0288724) (-0.03167,-0.0288724) (-0.03167,-0.0288724) (0.10916,-0.0204663) (-0.10916,0.0204663) (-0.10916,0.0204663) (-2.19971e-17,5.94143e-17) (-0.0732941,-0.0358885) (-0.0732941,-0.0358885) (1.11264e-17,4.26905e-17) (0.0732941,0.0358885)
 (0.300003,1.58725e-18) (0.0478701,1.27608e-17) (0.0478701,-4.61527e-19) (-0.314506,-0.00146352) (0.0102233,-0.00123375) (0.0102233,-0.00123375) (-0.00581649,-0.00636166) (0.021058,0.000201237) (0.021058,0.000201237) (-5.38035e-18,-4.01135e-17) (-0.100407,0.00422151) (-0.119595,-0.0614214) (-0.03167,-0.0288724) (-0.0248556,0.0496006) (0.0338946,-0.0195793) (0.0338946,-0.0195793) (-0.0406239,0.0229644) (0.0731769,0.0030184) (0.0731769,0.0030184) (-0.0329619,-0.0348972) (-0.0299536,-0.0170786) (-0.0299536,-0.0170786) (-1.00385e-16,-9.94349e-17) (0.0590065,-0.157216)
 (0.300003,-1.31411e-17) (-0.0478701,-5.128e-17) (0.0102233,-0.00123375) (-0.314506,-0.00146352) (-0.0102233,0.00123375) (-0.00290824,-0.00318083) (-0.021058,-0.000201237) (-0.100407,0.00422151) (0.00503723,0.00550936) (0.021058,0.000201237) (0.119595,0.0614214) (0.03167,0.0288724) (0.0338946,-0.0195793) (-0.0248556,0.0496006) (-0.0338946,0.0195793) (0.0731769,0.0030184) (-0.0406239,0.0229644) (-0.0731769,-0.0030184) (-0.016481,-0.0174486) (0.0299536,0.0170786) (0.0590065,-0.157216) (0.0285459,0.0302219) (-0.0299536,-0.0170786)
 (0.300003,-4.85041e-18) (0.0102233,-0.00123375) (-0.0102233,0.00123375) (-0.314506,-0.00146352) (-0.00290824,-0.00318083) (-0.100407,0.00422151) (-0.021058,-0.000201237) (-0.00503723,-0.00550936) (0.021058,0.000201237) (0.119595,0.0614214) (0.03167,0.0288724) (0.0338946,-0.0195793) (-0.0338946,0.0195793) (-0.0248556,0.0496006) (0.0731769,0.0030184) (-0.0731769,-0.0030184) (-0.0406239,0.0229644) (-0.016481,-0.0174486) (0.0590065,-0.157216) (0.0299536,0.0170786) (-0.0285459,-0.0302219) (-0.0299536,-0.0170786)
 (0.668163,-1.53465e-17) (-0.0396338,-3.67695e-17) (-0.0396338,-3.4132e-17) (-0.000960325,-0.0337092) (0.0433114,-0.050655) (0.0433114,-0.050655) (3.09159e-17,-6.74328e-17) (-0.0129349,0.0179084) (-0.144441,-0.0229958) (-0.10916,0.0204663) (-0.0406239,0.0229644) (0.0731769,0.0030184) (0.0731769,0.0030184) (-0.0253112,-0.11951) (0.00486064,-0.0313551) (0.00486064,-0.0313551) (0.0102958,-0.0175476) (-0.0164452,0.0789751) (-0.0164452,0.0789751) (-4.17095e-17,-6.29176e-17) (0.020817,-0.0597555)
 (0.668163,6.45099e-18) (0.0396338,-5.16253e-17) (-0.000480163,-0.0168546) (-0.0433114,0.050655) (-0.0129349,0.0179084) (0.000831666,0.029193) (0.0433114,-0.050655) (0.144441,0.0229958) (0.10916,-0.0204663) (0.0731769,0.0030184) (-0.0406239,0.0229644) (-0.0731769,-0.0030184) (0.00486064,-0.0313551) (-0.0253112,-0.11951) (-0.00486064,0.0313551) (0.00514791,-0.00877381) (0.0164452,-0.0789751) (0.020817,-0.0597555) (-0.00891644,0.0151967) (-0.0164452,0.0789751)
 (0.668163,-4.23328e-20) (-0.000480163,-0.0168546) (-0.0129349,0.0179084) (-0.0433114,0.050655) (-0.000831666,-0.029193) (0.0433114,-0.050655) (0.144441,0.0229958) (0.10916,-0.0204663) (0.0731769,0.0030184) (-0.0731769,-0.0030184) (-0.0406239,0.0229644) (0.00486064,-0.0313551) (-0.00486064,0.0313551) (-0.0253112,-0.11951) (0.00514791,-0.00877381) (0.020817,-0.0597555) (0.0164452,-0.0789751) (0.00891644,-0.0151967) (-0.0164452,0.0789751)
 (1.33256,1.92756e-18) (0.0128775,0.00814607) (0.0128775,0.00814607) (-8.37891e-17,1.20118e-18) (0.0257551,0.0162921) (-3.96175e-17,1.54377e-16) (-2.89834e-17,2.99511e-17) (0.0329619,0.0348972) (0.016481,0.0174486) (0.016481,0.0174486) (-0.0102958,0.0175476) (-0.00514791,0.00877381) (-0.00514791,0.00877381) (-0.111663,0.335921) (0.0499091,0.0472415) (0.0499091,0.0472415) (-1.35342e-17,5.44896e-17) (0.0998183,0.094483)
 (1.25212,-8.54499e-18) (-0.0144866,-7.13082e-18) (0.0223045,-0.0141094) (0.0144866,1.28893e-17) (-0.00206531,0.0126698) (-0.0732941,-0.0358885) (0.0299536,0.0170786) (-0.0299536,-0.0170786) (-0.0590065,0.157216) (0.0164452,-0.0789751) (-0.0164452,0.0789751) (-0.020817,0.0597555) (0.0499091,0.0472415) (0.0474163,-0.115606) (0.0983721,0.0926702) (0.0864452,0.0818247) (-0.0983721,-0.0926702)
 (1.25212,-1.07061e-19) (-0.0223045,0.0141094) (0.0144866,7.76396e-18) (-0.00206531,0.0126698) (-0.0732941,-0.0358885) (0.0299536,0.0170786) (-0.0590065,0.157216) (-0.0299536,-0.0170786) (0.0164452,-0.0789751) (-0.020817,0.0597555) (-0.0164452,0.0789751) (0.0499091,0.0472415) (0.0983721,0.0926702) (0.0474163,-0.115606) (-0.0864452,-0.0818247) (-0.0983721,-0.0926702)
 (1.33256,-1.23435e-19) (4.18553e-17,2.66763e-17) (-7.51369e-17,2.13103e-16) (-1.48132e-17,-2.48824e-17) (6.60289e-17,1.0264e-16) (-0.0285459,-0.0302219) (0.0285459,0.0302219) (3.30359e-17,4.96836e-17) (0.00891644,-0.0151967) (-0.00891644,0.0151967) (-3.23985e-17,7.12101e-17) (0.0864452,0.0818247) (-0.0864452,-0.0818247) (-0.111663,0.335921) (-1.49137e-17,-5.17808e-17)
 (1.25212,2.08474e-18) (0.00206531,-0.0126698) (0.0732941,0.0358885) (-0.0590065,0.157216) (0.0299536,0.0170786) (0.0299536,0.0170786) (-0.020817,0.0597555) (0.0164452,-0.0789751) (0.0164452,-0.0789751) (0.0998183,0.094483) (-0.0983721,-0.0926702) (-0.0983721,-0.0926702) (-2.70838e-17,-2.33764e-17) (0.0474163,-0.115606)
 (-0.187681,1.2637e-17) (0.32751,0.00143572) (-0.00911362,0.128437) (0.00911362,-0.128437) (0.00911362,-0.128437) (-0.012776,0.185151) (0.012776,-0.185151) (0.012776,-0.185151) (-1.52216e-17,5.42387e-18) (-0.0441697,0.0245611) (-0.0441697,0.0245611) (-2.84824e-16,-2.85625e-18) (0.0441697,-0.0245611)
 (0.940368,4.24465e-17) (0.021334,0.00172635) (-0.021334,-0.00172635) (-0.021334,-0.00172635) (0.0238287,0.177618) (-0.0238287,-0.177618) (-0.0238287,-0.177618) (8.92498e-17,-2.81228e-17) (-0.0360931,-0.0681057) (-0.0360931,-0.0681057) (4.6959e-17,3.63195e-17) (0.0360931,0.0681057)
 (0.300003,-4.22034e-19) (0.0478701,-1.60144e-17) (0.0478701,-1.86205e-17) (-0.314506,0.00146352) (0.0102233,0.00123375) (0.0102233,0.00123375) (0.00581649,-0.00636166) (-0.021058,0.000201237) (-0.021058,0.000201237) (-2.93246e-17,-6.17161e-17) (0.100407,0.00422151)
 (0.300003,-1.01119e-17) (-0.0478701,-1.26771e-17) (0.0102233,0.00123375) (-0.314506,0.00146352) (-0.0102233,-0.00123375) (0.00290824,-0.00318083) (0.021058,-0.000201237) (0.100407,0.00422151) (-0.00503723,0.00550936) (-0.021058,0.000201237)
 (0.300003,-1.05604e-18) (0.0102233,0.00123375) (-0.0102233,-0.00123375) (-0.314506,0.00146352) (0.00290824,-0.00318083) (0.100407,0.00422151) (0.021058,-0.000201237) (0.00503723,-0.00550936) (-0.021058,0.000201237)
 (0.668163,2.96953e-17) (-0.0396338,6.10406e-17) (-0.0396338,1.76522e-17) (0.000960325,-0.0337092) (-0.0433114,-0.050655) (-0.0433114,-0.050655) (1.39048e-17,-9.161e-17) (0.0129349,0.0179084)
 (0.668163,-3.16994e-17) (0.0396338,2.65358e-17) (0.000480163,-0.0168546) (0.0433114,0.050655) (0.0129349,0.0179084) (-0.000831666,0.029193) (-0.0433114,-0.050655)
 (0.668163,2.98325e-18) (0.000480163,-0.0168546) (0.0129349,0.0179084) (0.0433114,0.050655) (0.000831666,-0.029193) (-0.0433114,-0.050655)
 (1.33256,3.63536e-18) (0.0128775,-0.00814607) (0.0128775,-0.00814607) (-6.83579e-17,-2.1594e-18) (0.0257551,-0.0162921)
 (1.25212,-2.13664e-19) (-0.0144866,-6.55577e-18) (0.0223045,0.0141094) (0.0144866,-1.19135e-17)
 (1.25212,1.45503e-18) (-0.0223045,-0.0141094) (0.0144866,1.25647e-17)
 (1.33256,2.80686e-19) (2.6928e-17,-1.80028e-17)
 (1.25212,-1.17931e-17)
