26 (0.00646817,-1.71278e-18) (0.0736256,-0.000478573) (0.00912042,0.00994853) (-0.00911953,-0.0941307) (-0.00912042,-0.00994853) (0.013116,0.0226793) (-0.0134304,-0.096637) (-0.013116,-0.0226793) (-0.0228184,-0.000156759) (-0.0434654,-0.000232762) (-0.0424078,-0.023544) (0.0395226,0.000271514) (0.0434654,0.000232762) (0.084211,0.098393) (0.0943456,0.0706643) (0.0467889,0.0212203) (-0.129708,0.044082) (-0.0467889,-0.0212203) (-0.0159207,-0.0616541) (0.0542433,-0.0129064) (0.0159207,0.0616541) (0.00109031,0.00918361) (0.00760646,0.00817927) (0.00360123,0.00318305) (-0.00188848,-0.0159065) (-0.00760646,-0.00817927)
 (0.502671,-2.13181e-17) (-0.019735,-0.00672751) (0.0180624,-0.0939816) (0.019735,0.00672751) (-0.0214796,0.0450989) (0.0188884,-0.294435) (0.0214796,-0.0450989) (-0.0362984,0.000778008) (-0.0483613,0.00193753) (-0.0621075,0.0591787) (0.0628707,-0.00134755) (0.0483613,-0.00193753) (0.0943456,0.0706643) (0.035839,-0.0868597) (0.0796482,0.0479246) (-0.220219,0.0637497) (-0.0796482,-0.0479246) (0.0739828,-0.0727155) (-0.107258,0.0134124) (-0.0739828,0.0727155) (-0.00946625,0.029705) (0.00336542,0.0193754) (-0.0642584,0.0260296) (0.016396,-0.0514506) (-0.00336542,-0.0193754)
 (0.318211,5.9341e-18) (0.0345136,0.0303893) (0.0258533,-3.44393e-18) (-0.192007,-0.000892209) (-0.0290885,0.0451441) (-0.0505347,-0.00256774) (-0.00613943,-0.00974048) (0.0189152,0.00540839) (0.0205812,0.0240955) (0.000480496,0.0161156) (-0.0994935,0.00153481) (-0.0467889,-0.0212203) (-0.0796482,-0.0479246) (0.0102139,0.00524363) (0.01161,-0.00127377) (0.0357134,-0.0173721) (-0.0445273,0.00320089) (0.0736058,0.0449334) (0.154465,-0.050246) (-0.0368867,-0.0340553) (-0.0603458,0.0160875) (-0.0208369,-0.0192006) (0.00680577,-0.00298376) (-0.0498771,-0.0465349)
 (0.233572,-5.54807e-19) (-0.0345136,0.0303893) (-0.0281927,-0.0426464) (-0.172773,0.000320896) (0.0281927,0.0426464) (-0.00323566,0.00972886) (-0.0193762,0.0328477) (-0.181668,0.0011519) (0.00560433,-0.0168509) (0.0193762,-0.0328477) (0.129708,-0.044082) (0.220219,-0.0637497) (0.01161,-0.00127377) (0.0292695,0.0726294) (-0.01161,0.00127377) (0.0753153,0.065092) (-0.00354952,0.0252712) (-0.0753153,-0.065092) (-0.0401756,0.0120863) (0.033734,0.00773973) (-0.0493966,-0.0734151) (0.0695862,-0.0209341) (-0.033734,-0.00773973)
 (0.318211,-2.18217e-18) (-0.0505347,-0.00256774) (0.0290885,-0.0451441) (-0.192007,-0.000892209) (-0.00265359,0.0090863) (-0.0994935,0.00153481) (-0.0205812,-0.0240955) (-0.00555715,-0.0164933) (0.0189152,0.00540839) (0.0467889,0.0212203) (0.0796482,0.0479246) (0.0357134,-0.0173721) (-0.01161,0.00127377) (0.0102139,0.00524363) (0.154465,-0.050246) (-0.0736058,-0.0449334) (-0.0445273,0.00320089) (-0.0125494,-0.0196116) (-0.0498771,-0.0465349) (0.0208369,0.0192006) (-0.0353477,-0.0280008) (-0.0603458,0.0160875)
 (0.84054,5.87163e-18) (-0.147051,0.0504802) (-0.193704,1.33187e-17) (-0.00181754,-0.0201374) (0.0362112,-0.0342155) (0.0417263,-0.0800761) (0.00121703,-0.0913393) (-0.0201055,0.00635249) (0.0159207,0.0616541) (-0.0739828,0.0727155) (-0.0445273,0.00320089) (0.0753153,0.065092) (0.154465,-0.050246) (-0.1901,-0.00142246) (0.100803,0.0883816) (0.0554522,0.0131741) (-0.0249961,-0.0816733) (0.102777,-0.0285138) (0.0677813,0.126898) (0.0226582,0.0409486) (-0.0526875,-0.0221283)
 (1.03824,-9.81203e-18) (0.147051,0.0504802) (-0.00135141,0.0170725) (-0.037745,-0.0484464) (-0.148442,0.00520345) (0.0023407,-0.0295704) (0.037745,0.0484464) (-0.0542433,0.0129064) (0.107258,-0.0134124) (0.0736058,0.0449334) (-0.00354952,0.0252712) (-0.0736058,-0.0449334) (0.100803,0.0883816) (-0.127251,-0.235286) (-0.100803,-0.0883816) (-0.100449,0.0476446) (-0.0262553,-0.0567078) (-0.051715,-0.104632) (0.173982,-0.0825228) (0.0262553,0.0567078)
 (0.84054,8.41443e-18) (0.000145209,-0.0891708) (-0.0201055,0.00635249) (-0.0417263,0.0800761) (-0.00218255,0.0282301) (0.0362112,-0.0342155) (-0.0159207,-0.0616541) (0.0739828,-0.0727155) (0.154465,-0.050246) (-0.0753153,-0.065092) (-0.0445273,0.00320089) (0.0554522,0.0131741) (-0.100803,-0.0883816) (-0.1901,-0.00142246) (0.00712451,-0.00537415) (-0.0526875,-0.0221283) (-0.0677813,-0.126898) (-0.0329764,-0.0912054) (0.102777,-0.0285138)
 (1.28462,2.56985e-18) (0.0137006,-0.00753774) (0.0130404,0.00870539) (0.00124099,6.43427e-18) (0.0255066,-0.000232908) (0.00109031,0.00918361) (-0.00946625,0.029705) (0.0368867,0.0340553) (0.0401756,-0.0120863) (0.0125494,0.0196116) (0.0249961,0.0816733) (0.100449,-0.0476446) (-0.00712451,0.00537415) (0.112076,0.114511) (0.0472003,0.0668208) (0.133904,-0.0431333) (-0.000270411,0.00494569) (0.0924717,0.0850669)
 (1.17127,-6.72872e-18) (-0.014299,-0.0384851) (0.0215424,-0.00408298) (0.0141517,1.56581e-17) (0.00760646,0.00817927) (0.00336542,0.0193754) (0.0603458,-0.0160875) (-0.033734,-0.00773973) (0.0498771,0.0465349) (-0.102777,0.0285138) (0.0262553,0.0567078) (0.0526875,0.0221283) (0.0472003,0.0668208) (-0.0281603,-0.0286057) (0.0951564,0.0813452) (0.079526,0.0596478) (-0.249169,0.0768078)
 (1.22174,-2.26314e-18) (-0.0225866,0.0150782) (0.014299,-0.0384851) (0.00360123,0.00318305) (-0.0642584,0.0260296) (0.0208369,0.0192006) (0.0493966,0.0734151) (-0.0208369,-0.0192006) (-0.0677813,-0.126898) (0.051715,0.104632) (0.0677813,0.126898) (0.133904,-0.0431333) (0.0951564,0.0813452) (-0.0226371,-0.0455977) (-0.231928,0.0747091) (-0.0951564,-0.0813452)
 (1.28319,7.16272e-19) (0.00109384,-0.00856936) (-0.00188848,-0.0159065) (0.016396,-0.0514506) (-0.00680577,0.00298376) (-0.0695862,0.0209341) (0.0353477,0.0280008) (-0.0226582,-0.0409486) (-0.173982,0.0825228) (0.0329764,0.0912054) (-0.000270411,0.00494569) (0.079526,0.0596478) (-0.231928,0.0747091) (0.112389,0.108801) (0.00111362,0.0280447)
 (1.17127,1.05149e-18) (-0.00760646,-0.00817927) (-0.00336542,-0.0193754) (0.0498771,0.0465349) (0.033734,0.00773973) (0.0603458,-0.0160875) (0.0526875,0.0221283) (-0.0262553,-0.0567078) (-0.102777,0.0285138) (0.0924717,0.0850669) (-0.249169,0.0768078) (-0.0951564,-0.0813452) (0.00111362,0.0280447) (-0.0281603,-0.0286057)
 (0.00646817,1.75673e-18) (0.0736256,0.000478573) (-0.00912042,0.00994853) (0.00911953,-0.0941307) (0.00912042,-0.00994853) (-0.013116,0.0226793) (0.0134304,-0.096637) (0.013116,-0.0226793) (-0.0228184,0.000156759) (-0.0434654,0.000232762) (-0.0424078,0.023544) (0.0395226,-0.000271514) (0.0434654,-0.000232762)
 (0.502671,-1.78497e-17) (0.019735,-0.00672751) (-0.0180624,-0.0939816) (-0.019735,0.00672751) (0.0214796,0.0450989) (-0.0188884,-0.294435) (-0.0214796,-0.0450989) (-0.0362984,-0.000778008) (-0.0483613,-0.00193753) (-0.0621075,-0.0591787) (0.0628707,0.00134755) (0.0483613,0.00193753)
 (0.318211,-1.22063e-18) (0.0345136,-0.0303893) (0.0258533,-1.21689e-17) (-0.192007,0.000892209) (-0.0290885,-0.0451441) (-0.0505347,0.00256774) (0.00613943,-0.00974048) (-0.0189152,0.00540839) (-0.0205812,0.0240955) (-0.000480496,0.0161156) (0.0994935,0.00153481)
 (0.233572,-1.859e-18) (-0.0345136,-0.0303893) (-0.0281927,0.0426464) (-0.172773,-0.000320896) (0.0281927,-0.0426464) (0.00323566,0.00972886) (0.0193762,0.0328477) (0.181668,0.0011519) (-0.00560433,-0.0168509) (-0.0193762,-0.0328477)
 (0.318211,-1.31531e-18) (-0.0505347,0.00256774) (0.0290885,0.0451441) (-0.192007,0.000892209) (0.00265359,0.0090863) (0.0994935,0.00153481) (0.0205812,-0.0240955) (0.00555715,-0.0164933) (-0.0189152,0.00540839)
 (0.84054,-1.536e-17) (-0.147051,-0.0504802) (-0.193704,-2.80578e-17) (0.00181754,-0.0201374) (-0.0362112,-0.0342155) (-0.0417263,-0.0800761) (-0.00121703,-0.0913393) (0.0201055,0.00635249)
 (1.03824,-9.7988e-18) (0.147051,-0.0504802) (0.00135141,0.0170725) (0.037745,-0.0484464) (0.148442,0.00520345) (-0.0023407,-0.0295704) (-0.037745,0.0484464)
 (0.84054,8.41525e-18) (-0.000145209,-0.0891708) (0.0201055,0.00635249) (0.0417263,0.0800761) (0.00218255,0.0282301) (-0.0362112,-0.0342155)
 (1.28462,-1.86771e-20) (0.0137006,0.00753774) (0.0130404,-0.00870539) (0.00124099,-1.468e-18) (0.0255066,0.000232908)
 (1.17127,4.40849e-19) (-0.014299,0.0384851) (0.0215424,0.00408298) (0.0141517,-1.21345e-17)
 (1.22174,2.99211e-18) (-0.0225866,-0.0150782) (0.014299,0.0384851)
 (1.28319,2.95879e-19) (0.00109384,0.00856936)
 (1.17127,-2.56315e-19)
