26 (0.994764,-3.66905e-18) (0.262196,3.34611e-17) (5.36395e-19,-1.5748e-16) (-6.93889e-18,0.280325) (2.73287e-17,0.280325) (-7.89108e-19,-3.84892e-16) (7.07442e-18,0.617301) (-1.17094e-17,0.617301) (0.00664735,-1.28105e-18) (6.14413e-16,1.84992e-18) (6.14448e-16,2.1413e-18) (-1.95864e-19,2.43945e-19) (-0.145355,-4.60487e-21) (-3.85413e-15,-0.499477) (2.4518e-15,0.397976) (-3.30169e-15,-0.350943) (0.542718,-2.24043e-15) (0.542718,-2.27157e-15) (-3.22861e-15,-0.231882) (0.707698,-3.26462e-15) (0.707698,-3.31141e-15) (-1.26273e-16,-0.0360016) (-0.28845,9.67075e-16) (-0.28845,9.52686e-16) (-1.91278e-18,3.54979e-17) (2.53409e-15,0.32214)
 (0.866153,-4.33524e-17) (-1.79676e-18,8.03611e-16) (2.05998e-18,-0.464179) (2.0112e-17,-0.464179) (-5.13073e-19,1.80238e-15) (-9.1073e-18,-0.432868) (-7.50268e-17,-0.432868) (-0.0793998,-4.9787e-18) (-8.97631e-16,1.47045e-18) (-8.97518e-16,-8.19928e-19) (2.96674e-18,1.58565e-18) (0.213092,2.19626e-20) (2.4518e-15,0.397976) (1.40816e-15,0.0943461) (-9.01994e-16,-0.298742) (-0.18448,1.32053e-15) (-0.18448,1.48372e-15) (-6.98614e-16,-0.285732) (-0.3141,2.45713e-15) (-0.3141,2.45019e-15) (6.1358e-16,0.175622) (-0.31776,1.76125e-15) (-0.31776,1.74065e-15) (-5.2035e-19,3.30953e-17) (1.25524e-15,0.125827)
 (0.92717,1.23072e-17) (-1.88648e-15,2.1684e-19) (-1.88678e-15,6.50521e-19) (-0.0711609,1.46868e-17) (-3.09079e-15,1.21431e-17) (-3.08545e-15,6.50521e-18) (2.06339e-19,1.71541e-16) (1.59496e-18,-0.235823) (1.11215e-18,-0.235823) (-1.18933e-21,-1.12096e-17) (1.34597e-21,1.11808e-18) (3.30169e-15,0.350943) (9.01994e-16,0.298742) (-6.69143e-16,0.0604256) (0.358304,-6.70723e-16) (0.358304,-7.00582e-16) (-2.4037e-15,-0.0483422) (0.109876,9.53546e-16) (0.109876,8.92661e-16) (-2.21687e-15,-0.334498) (-0.0851183,7.04511e-16) (-0.0851183,7.01782e-16) (-4.14622e-19,-7.21609e-17) (-2.71824e-15,-0.333897)
 (1.06088,1.47052e-18) (0.457018,1.36055e-18) (-3.09079e-15,1.21431e-17) (0.27901,-2.61894e-18) (0.765197,-2.1269e-18) (7.58942e-19,-0.148851) (-2.14402e-19,-1.45309e-17) (1.34597e-21,1.11131e-18) (-3.93023e-19,-0.0710978) (-1.01644e-17,0.0930918) (-0.542718,2.24043e-15) (0.18448,-1.32053e-15) (0.358304,-6.70723e-16) (-1.87707e-15,-0.26338) (-4.18377e-15,-0.567493) (0.109876,9.53546e-16) (-4.94681e-15,-0.698092) (-3.83272e-15,-0.570786) (-0.173188,9.22912e-16) (1.8339e-17,0.0062497) (-2.7215e-15,-0.333897) (0.205076,-8.04663e-16) (0.00977588,-4.01019e-17)
 (1.06088,2.9884e-18) (-3.08545e-15,6.50521e-18) (0.765197,-2.1269e-18) (0.27901,-2.18526e-18) (-6.05798e-18,-0.148851) (1.34597e-21,1.11131e-18) (-2.02706e-19,-1.29291e-17) (9.83405e-19,0.0710978) (1.21973e-19,0.0930918) (-0.542718,2.27157e-15) (0.18448,-1.48372e-15) (0.358304,-7.00582e-16) (-4.18377e-15,-0.567493) (-1.88543e-15,-0.26338) (0.109876,8.92661e-16) (-3.83272e-15,-0.570786) (-4.94092e-15,-0.698092) (-0.173188,8.79019e-16) (-2.7215e-15,-0.333897) (1.17134e-17,0.0062497) (-0.205076,8.20583e-16) (0.00977588,-5.31412e-17)
 (0.536622,1.27899e-18) (-3.16621e-15,-1.38778e-17) (-3.15597e-15,-8.67362e-18) (1.90122e-18,6.30721e-16) (-3.86925e-18,-0.245241) (-1.9685e-18,-0.245241) (-1.10521e-20,-2.23617e-19) (-4.62591e-21,-2.9409e-18) (3.22861e-15,0.231882) (6.98614e-16,0.285732) (-2.4037e-15,-0.0483422) (0.109876,9.53546e-16) (0.109876,8.92661e-16) (-1.52643e-15,0.0284303) (0.0460002,2.12907e-15) (0.0460002,2.06642e-15) (-8.79224e-17,-0.137023) (0.0822652,7.18804e-16) (0.0822652,7.39439e-16) (-4.84814e-19,-7.05545e-17) (-2.72145e-17,0.0491992)
 (1.37082,-3.36762e-18) (0.85719,-4.64661e-18) (4.68917e-18,-0.25341) (-3.43893e-19,-7.10152e-17) (8.92661e-21,-2.9409e-18) (-1.52805e-18,-0.0176558) (-3.52366e-18,0.211334) (-0.707698,3.26462e-15) (0.3141,-2.45713e-15) (0.109876,9.53546e-16) (-4.94681e-15,-0.698092) (-3.83272e-15,-0.570786) (0.0460002,2.12907e-15) (-5.23954e-15,-0.859265) (-5.47512e-15,-0.864509) (-0.104331,1.11682e-15) (-2.30943e-15,-0.259302) (-4.80888e-17,0.0491992) (-0.0815821,1.82796e-16) (0.344554,-1.3333e-15)
 (1.37082,-2.5919e-17) (2.1684e-18,-0.25341) (8.92661e-21,-2.9409e-18) (-1.48994e-19,-7.06222e-17) (2.35136e-18,0.0176558) (-3.68629e-18,0.211334) (-0.707698,3.31141e-15) (0.3141,-2.45019e-15) (0.109876,8.92661e-16) (-3.83272e-15,-0.570786) (-4.94092e-15,-0.698092) (0.0460002,2.06642e-15) (-5.47512e-15,-0.864509) (-5.27081e-15,-0.859265) (-0.104331,1.08088e-15) (-4.80888e-17,0.0491992) (-2.29509e-15,-0.259302) (0.0815821,-1.77389e-16) (0.344554,-1.35567e-15)
 (0.999389,-3.07231e-18) (3.63235e-16,-1.53144e-18) (3.63115e-16,5.69206e-19) (-7.13313e-19,1.47723e-18) (0.17393,2.27229e-20) (-1.26273e-16,-0.0360016) (6.1358e-16,0.175622) (2.21687e-15,0.334498) (0.173188,-9.22912e-16) (0.173188,-8.79019e-16) (8.79224e-17,0.137023) (0.104331,-1.11682e-15) (0.104331,-1.08088e-15) (2.84173e-15,0.328222) (0.193393,-9.25516e-16) (0.193393,-9.31553e-16) (-6.2929e-19,2.3019e-17) (2.39792e-15,0.305562)
 (1.00002,6.20744e-18) (0.0866322,-2.34049e-21) (6.28699e-16,-8.40257e-19) (-3.50121e-16,-4.06576e-19) (-0.28845,9.67075e-16) (-0.31776,1.76125e-15) (0.0851183,-7.04511e-16) (-1.8339e-17,-0.0062497) (2.7215e-15,0.333897) (-0.0822652,-7.18804e-16) (2.30943e-15,0.259302) (4.80888e-17,-0.0491992) (0.193393,-9.25516e-16) (-3.64118e-16,-0.0571583) (1.0269e-15,0.146221) (0.241016,-8.90548e-16) (-0.108634,3.72379e-16)
 (1.00002,6.95961e-18) (-6.28723e-16,1.09775e-18) (-3.50248e-16,-1.35525e-18) (-0.28845,9.52686e-16) (-0.31776,1.74065e-15) (0.0851183,-7.01782e-16) (2.7215e-15,0.333897) (-1.17134e-17,-0.0062497) (-0.0822652,-7.39439e-16) (4.80888e-17,-0.0491992) (2.29509e-15,0.259302) (0.193393,-9.31553e-16) (1.0269e-15,0.146221) (-3.61617e-16,-0.0571583) (-0.241016,8.47116e-16) (-0.108634,3.60768e-16)
 (1.00276,-4.62337e-18) (-6.30489e-17,1.04446e-34) (-1.91278e-18,3.54979e-17) (-5.2035e-19,3.30953e-17) (4.14622e-19,7.21609e-17) (-0.205076,8.04663e-16) (0.205076,-8.20583e-16) (4.84814e-19,7.05545e-17) (0.0815821,-1.82796e-16) (-0.0815821,1.77389e-16) (-6.2929e-19,2.3019e-17) (0.241016,-8.90548e-16) (-0.241016,8.47116e-16) (3.04504e-15,0.388504) (-1.01885e-18,1.7825e-17)
 (0.996041,4.78755e-18) (2.53409e-15,0.32214) (1.25524e-15,0.125827) (2.71824e-15,0.333897) (-0.00977588,4.01019e-17) (-0.00977588,5.31412e-17) (2.72145e-17,-0.0491992) (-0.344554,1.3333e-15) (-0.344554,1.35567e-15) (2.39792e-15,0.305562) (-0.108634,3.72379e-16) (-0.108634,3.60768e-16) (-1.01885e-18,1.7825e-17) (-2.65674e-16,-0.0352433)
 (0.994764,-3.66905e-18) (0.262196,3.34611e-17) (5.36395e-19,-1.5748e-16) (-6.93889e-18,0.280325) (2.73287e-17,0.280325) (-7.89108e-19,-3.84892e-16) (7.07442e-18,0.617301) (-1.17094e-17,0.617301) (0.00664735,-1.28105e-18) (6.14413e-16,1.84992e-18) (6.14448e-16,2.1413e-18) (-1.95864e-19,2.43945e-19) (-0.145355,-4.60487e-21)
 (0.866153,-4.33524e-17) (-1.79676e-18,8.03611e-16) (2.05998e-18,-0.464179) (2.0112e-17,-0.464179) (-5.13073e-19,1.80238e-15) (-9.1073e-18,-0.432868) (-7.50268e-17,-0.432868) (-0.0793998,-4.9787e-18) (-8.97631e-16,1.47045e-18) (-8.97518e-16,-8.19928e-19) (2.96674e-18,1.58565e-18) (0.213092,2.19626e-20)
 (0.92717,1.23072e-17) (-1.88648e-15,2.1684e-19) (-1.88678e-15,6.50521e-19) (-0.0711609,1.46868e-17) (-3.09079e-15,1.21431e-17) (-3.08545e-15,6.50521e-18) (2.06339e-19,1.71541e-16) (1.59496e-18,-0.235823) (1.11215e-18,-0.235823) (-1.18933e-21,-1.12096e-17) (1.34597e-21,1.11808e-18)
 (1.06088,1.47052e-18) (0.457018,1.36055e-18) (-3.09079e-15,1.21431e-17) (0.27901,-2.61894e-18) (0.765197,-2.1269e-18) (7.58942e-19,-0.148851) (-2.14402e-19,-1.45309e-17) (1.34597e-21,1.11131e-18) (-3.93023e-19,-0.0710978) (-1.01644e-17,0.0930918)
 (1.06088,2.9884e-18) (-3.08545e-15,6.50521e-18) (0.765197,-2.1269e-18) (0.27901,-2.18526e-18) (-6.05798e-18,-0.148851) (1.34597e-21,1.11131e-18) (-2.02706e-19,-1.29291e-17) (9.83405e-19,0.0710978) (1.21973e-19,0.0930918)
 (0.536622,1.27899e-18) (-3.16621e-15,-1.38778e-17) (-3.15597e-15,-8.67362e-18) (1.90122e-18,6.30721e-16) (-3.86925e-18,-0.245241) (-1.9685e-18,-0.245241) (-1.10521e-20,-2.23617e-19) (-4.62591e-21,-2.9409e-18)
 (1.37082,-3.36762e-18) (0.85719,-4.64661e-18) (4.68917e-18,-0.25341) (-3.43893e-19,-7.10152e-17) (8.92661e-21,-2.9409e-18) (-1.52805e-18,-0.0176558) (-3.52366e-18,0.211334)
 (1.37082,-2.5919e-17) (2.1684e-18,-0.25341) (8.92661e-21,-2.9409e-18) (-1.48994e-19,-7.06222e-17) (2.35136e-18,0.0176558) (-3.68629e-18,0.211334)
 (0.999389,-3.07231e-18) (3.63235e-16,-1.53144e-18) (3.63115e-16,5.69206e-19) (-7.13313e-19,1.47723e-18) (0.17393,2.27229e-20)
 (1.00002,6.20744e-18) (0.0866322,-2.34049e-21) (6.28699e-16,-8.40257e-19) (-3.50121e-16,-4.06576e-19)
 (1.00002,6.95961e-18) (-6.28723e-16,1.09775e-18) (-3.50248e-16,-1.35525e-18)
 (1.00276,-4.62337e-18) (-6.30489e-17,1.04446e-34)
 (0.996041,4.78755e-18)
