26 (0.854394,5.85483e-32) (0.660295,6.16298e-32) (-1.4203e-17,3.87899e-15) (8.24671e-18,1.47141e-31) (-4.26905e-19,1.57926e-32) (3.68629e-18,8.34859e-15) (4.20128e-18,-2.34193e-31) (-3.04932e-17,4.77631e-32) (-0.168523,-3.51482e-33) (4.19451e-18,5.16149e-32) (-1.21973e-17,-7.34742e-32) (-2.26455e-17,9.43706e-33) (-1.793e-17,0) (7.64193e-18,3.65762e-15) (-6.96532e-17,-2.61818e-15) (-0.86797,3.22352e-15) (-2.62572e-17,-2.65008e-31) (-6.09017e-18,1.50223e-31) (-0.861795,3.20129e-15) (2.63122e-17,-1.50295e-31) (-3.6541e-18,-6.06668e-32) (-4.46852e-18,-5.61684e-16) (-6.11096e-17,2.11115e-32) (-2.78462e-18,9.73881e-32) (6.26804e-20,-3.0071e-31) (0.546436,-2.0292e-15)
 (0.78667,4.93038e-32) (-1.43115e-17,-5.51761e-15) (-1.53415e-17,1.41748e-31) (5.47522e-18,-1.63319e-31) (-3.46945e-18,-3.01619e-15) (-3.55618e-17,-1.2326e-31) (-2.1684e-17,1.60237e-31) (0.245282,-4.59816e-33) (4.74338e-19,1.3e-33) (1.11808e-18,5.77057e-32) (1.3051e-17,9.43706e-33) (-2.79182e-18,0) (-6.96532e-17,-2.61818e-15) (2.22261e-17,-2.55737e-15) (-0.262521,9.7238e-16) (-4.72983e-18,9.42743e-32) (-4.06101e-17,7.18853e-32) (-0.383957,1.4172e-15) (1.4962e-17,7.70372e-34) (1.84314e-17,-2.36312e-31) (-1.00661e-17,2.98902e-15) (7.47252e-18,1.55772e-31) (8.38054e-18,-1.67255e-31) (-1.50433e-17,5.66705e-32) (0.771447,-2.86481e-15)
 (1.66785,1.20563e-31) (5.42101e-18,5.54668e-32) (6.07153e-18,1.07082e-31) (1.0956,-7.85779e-32) (-2.51535e-17,1.78726e-31) (1.0842e-17,-2.71171e-31) (-9.48677e-20,4.88602e-16) (1.16213e-17,-4.49223e-32) (-6.15624e-18,1.87056e-32) (-2.64782e-18,-5.05424e-31) (0,4.81482e-35) (0.86797,-3.22352e-15) (0.262521,-9.7238e-16) (1.59818e-17,4.94951e-15) (6.5108e-17,-7.17289e-32) (-2.2282e-17,1.44493e-31) (4.25211e-17,1.16365e-14) (1.51382e-17,1.10885e-31) (-3.69577e-17,5.93668e-32) (-0.835161,3.10164e-15) (-6.7932e-19,6.56953e-32) (-4.5545e-18,-1.97844e-32) (-9.76532e-17,3.70495e-31) (4.42024e-17,2.43329e-15)
 (0.795417,2.46519e-32) (9.75782e-19,0) (-2.51535e-17,1.78726e-31) (-0.297712,2.46519e-32) (7.54605e-17,0) (1.13164e-17,-2.01019e-32) (1.72287e-18,-1.0961e-15) (0,0) (-5.35325e-19,6.54816e-33) (-2.87314e-18,-2.28704e-33) (2.62572e-17,2.65008e-31) (4.72983e-18,-9.42743e-32) (6.5108e-17,-7.17289e-32) (1.84721e-17,-4.46302e-16) (-0.585699,2.17506e-15) (1.51382e-17,1.10885e-31) (2.36898e-17,3.66003e-16) (0.0116821,-4.32235e-17) (7.0524e-18,1.60827e-31) (0.167361,-6.21505e-16) (1.64612e-17,2.43329e-15) (-6.74916e-18,1.18252e-31) (-4.62141e-18,-3.1176e-32)
 (0.795417,-6.85631e-32) (1.0842e-17,-2.71171e-31) (7.54605e-17,0) (-0.297712,1.69482e-32) (9.01243e-19,-1.17361e-32) (0,0) (-3.38136e-18,-1.0961e-15) (-4.70273e-18,-8.32965e-33) (1.3417e-17,3.28853e-32) (6.09017e-18,-1.50223e-31) (4.06101e-17,-7.18853e-32) (-2.2282e-17,1.44493e-31) (-0.585699,2.17506e-15) (-3.93532e-18,-4.46302e-16) (-3.69577e-17,5.93668e-32) (0.0116821,-4.32235e-17) (-2.41777e-17,3.66003e-16) (4.89365e-17,-2.10889e-32) (1.64612e-17,2.43329e-15) (0.167361,-6.21505e-16) (-4.06677e-17,1.37247e-31) (1.20109e-18,-1.63343e-32)
 (1.62103,-8.62817e-32) (2.08167e-17,-1.84889e-31) (-4.68375e-17,-6.8409e-31) (1.13299e-17,2.79748e-15) (-7.86047e-18,-6.81779e-32) (-1.39184e-17,2.50371e-33) (3.04932e-19,-6.81731e-31) (0,0) (0.861795,-3.20129e-15) (0.383957,-1.4172e-15) (4.25211e-17,1.16365e-14) (1.51382e-17,1.10885e-31) (-3.69577e-17,5.93668e-32) (-8.7468e-17,1.71709e-14) (-7.21943e-17,-3.32223e-32) (-9.14118e-17,-3.2529e-31) (-0.754437,2.80244e-15) (1.05574e-17,-5.72814e-32) (-2.89685e-18,1.0564e-32) (-3.27073e-17,1.37042e-31) (6.06476e-18,-5.5468e-16)
 (0.357318,2.46519e-32) (3.27429e-17,0) (1.84314e-18,-1.49837e-31) (8.34836e-18,-4.16899e-16) (0,-9.62965e-35) (-1.01644e-17,-1.07852e-32) (7.96889e-18,-4.62223e-33) (-2.63122e-17,1.50295e-31) (-1.4962e-17,-7.70372e-34) (1.51382e-17,1.10885e-31) (2.36898e-17,3.66003e-16) (0.0116821,-4.32235e-17) (-7.21943e-17,-3.32223e-32) (-4.30428e-17,-1.91663e-16) (0.0763991,-2.83158e-16) (1.13841e-17,-4.70408e-32) (-0.158148,5.87259e-16) (-3.89635e-19,-5.5468e-16) (-4.6824e-18,7.62187e-32) (-3.15774e-17,-1.40593e-32)
 (0.357318,3.14312e-31) (-1.19533e-17,1.54556e-31) (0,-9.62965e-35) (7.04731e-19,-4.16899e-16) (-3.39491e-18,-5.29631e-34) (-1.57209e-17,-1.04e-32) (3.6541e-18,6.06668e-32) (-1.84314e-17,2.36312e-31) (-3.69577e-17,5.93668e-32) (0.0116821,-4.32235e-17) (-2.41777e-17,3.66003e-16) (-9.14118e-17,-3.2529e-31) (0.0763991,-2.83158e-16) (3.03035e-17,-1.91663e-16) (-1.44233e-17,-6.84187e-32) (-3.89635e-19,-5.5468e-16) (-0.158148,5.87259e-16) (1.0056e-17,-7.10668e-32) (2.86365e-17,5.5852e-33)
 (1.2881,7.77594e-33) (2.66985e-18,-1.95482e-32) (5.3668e-18,4.1889e-33) (-1.313e-16,-6.93335e-33) (-1.39388e-17,1.92593e-34) (-4.46852e-18,-5.61684e-16) (-1.00661e-17,2.98902e-15) (0.835161,-3.10164e-15) (-7.0524e-18,-1.60827e-31) (-4.89365e-17,2.10889e-32) (0.754437,-2.80244e-15) (-1.13841e-17,4.70408e-32) (1.44233e-17,6.84187e-32) (-4.06e-17,-3.17045e-15) (-3.68968e-18,6.5933e-33) (-1.67353e-17,2.17179e-32) (9.85099e-19,-5.80144e-31) (0.697912,-2.59171e-15)
 (0.692318,-2.71556e-32) (2.61225e-18,-1.92593e-34) (-6.23416e-19,-7.12594e-33) (-1.5992e-18,-3.04297e-32) (-6.11096e-17,2.11115e-32) (7.47252e-18,1.55772e-31) (6.7932e-19,-6.56953e-32) (-0.167361,6.21505e-16) (-1.64612e-17,-2.43329e-15) (-1.05574e-17,5.72814e-32) (0.158148,-5.87259e-16) (3.89635e-19,5.5468e-16) (-3.68968e-18,6.5933e-33) (-7.95957e-18,3.30836e-16) (0.274061,-1.01771e-15) (2.43649e-18,-9.224e-32) (1.51322e-17,8.13705e-33)
 (0.692318,3.94816e-32) (1.11131e-18,1.85852e-32) (-1.27394e-18,-2.60001e-33) (-2.78462e-18,9.73881e-32) (8.38054e-18,-1.67255e-31) (4.5545e-18,1.97844e-32) (-1.64612e-17,-2.43329e-15) (-0.167361,6.21505e-16) (2.89685e-18,-1.0564e-32) (3.89635e-19,5.5468e-16) (0.158148,-5.87259e-16) (-1.67353e-17,2.17179e-32) (0.274061,-1.01771e-15) (2.30097e-18,3.30836e-16) (8.10695e-18,-9.00854e-32) (8.79432e-18,1.91871e-32)
 (0.751498,6.54816e-33) (7.03148e-21,0) (6.26804e-20,-3.0071e-31) (-1.50433e-17,5.66705e-32) (9.76532e-17,-3.70495e-31) (6.74916e-18,-1.18252e-31) (4.06677e-17,-1.37247e-31) (3.27073e-17,-1.37042e-31) (4.6824e-18,-7.62187e-32) (-1.0056e-17,7.10668e-32) (9.85099e-19,-5.80144e-31) (2.43649e-18,-9.224e-32) (8.10695e-18,-9.00854e-32) (-2.42362e-17,-2.17674e-15) (-1.98849e-17,5.85603e-32)
 (1.46371,-4.42964e-33) (0.546436,-2.0292e-15) (0.771447,-2.86481e-15) (-4.42024e-17,-2.43329e-15) (4.62141e-18,3.1176e-32) (-1.20109e-18,1.63343e-32) (-6.06476e-18,5.5468e-16) (3.15774e-17,1.40593e-32) (-2.86365e-17,-5.5852e-33) (0.697912,-2.59171e-15) (1.51322e-17,8.13705e-33) (8.79432e-18,1.91871e-32) (-1.98849e-17,5.85603e-32) (1.98036e-18,5.13027e-16)
 (0.854394,5.85483e-32) (0.660295,6.16298e-32) (-1.4203e-17,3.87899e-15) (8.24671e-18,1.47141e-31) (-4.26905e-19,1.57926e-32) (3.68629e-18,8.34859e-15) (4.20128e-18,-2.34193e-31) (-3.04932e-17,4.77631e-32) (-0.168523,-3.51482e-33) (4.19451e-18,5.16149e-32) (-1.21973e-17,-7.34742e-32) (-2.26455e-17,9.43706e-33) (-1.793e-17,0)
 (0.78667,4.93038e-32) (-1.43115e-17,-5.51761e-15) (-1.53415e-17,1.41748e-31) (5.47522e-18,-1.63319e-31) (-3.46945e-18,-3.01619e-15) (-3.55618e-17,-1.2326e-31) (-2.1684e-17,1.60237e-31) (0.245282,-4.59816e-33) (4.74338e-19,1.3e-33) (1.11808e-18,5.77057e-32) (1.3051e-17,9.43706e-33) (-2.79182e-18,0)
 (1.66785,1.20563e-31) (5.42101e-18,5.54668e-32) (6.07153e-18,1.07082e-31) (1.0956,-7.85779e-32) (-2.51535e-17,1.78726e-31) (1.0842e-17,-2.71171e-31) (-9.48677e-20,4.88602e-16) (1.16213e-17,-4.49223e-32) (-6.15624e-18,1.87056e-32) (-2.64782e-18,-5.05424e-31) (0,4.81482e-35)
 (0.795417,2.46519e-32) (9.75782e-19,0) (-2.51535e-17,1.78726e-31) (-0.297712,2.46519e-32) (7.54605e-17,0) (1.13164e-17,-2.01019e-32) (1.72287e-18,-1.0961e-15) (0,0) (-5.35325e-19,6.54816e-33) (-2.87314e-18,-2.28704e-33)
 (0.795417,-6.85631e-32) (1.0842e-17,-2.71171e-31) (7.54605e-17,0) (-0.297712,1.69482e-32) (9.01243e-19,-1.17361e-32) (0,0) (-3.38136e-18,-1.0961e-15) (-4.70273e-18,-8.32965e-33) (1.3417e-17,3.28853e-32)
 (1.62103,-8.62817e-32) (2.08167e-17,-1.84889e-31) (-4.68375e-17,-6.8409e-31) (1.13299e-17,2.79748e-15) (-7.86047e-18,-6.81779e-32) (-1.39184e-17,2.50371e-33) (3.04932e-19,-6.81731e-31) (0,0)
 (0.357318,2.46519e-32) (3.27429e-17,0) (1.84314e-18,-1.49837e-31) (8.34836e-18,-4.16899e-16) (0,-9.62965e-35) (-1.01644e-17,-1.07852e-32) (7.96889e-18,-4.62223e-33)
 (0.357318,3.14312e-31) (-1.19533e-17,1.54556e-31) (0,-9.62965e-35) (7.04731e-19,-4.16899e-16) (-3.39491e-18,-5.29631e-34) (-1.57209e-17,-1.04e-32)
 (1.2881,7.77594e-33) (2.66985e-18,-1.95482e-32) (5.3668e-18,4.1889e-33) (-1.313e-16,-6.93335e-33) (-1.39388e-17,1.92593e-34)
 (0.692318,-2.71556e-32) (2.61225e-18,-1.92593e-34) (-6.23416e-19,-7.12594e-33) (-1.5992e-18,-3.04297e-32)
 (0.692318,3.94816e-32) (1.11131e-18,1.85852e-32) (-1.27394e-18,-2.60001e-33)
 (0.751498,6.54816e-33) (7.03148e-21,0)
 (1.46371,-4.42964e-33)
