26 (-0.141576,4.33628e-19) (0.268131,4.55365e-18) (-5.8665e-17,0.229736) (1.16102e-16,1.48538e-17) (2.5362e-16,-2.2714e-17) (-1.39736e-17,0.302975) (3.41321e-17,-3.643e-17) (1.04332e-16,9.58439e-17) (0.0522094,-4.66922e-18) (-6.06008e-17,-1.73472e-18) (2.03778e-16,-1.23327e-17) (-1.17618e-16,1.65341e-18) (-1.0803e-16,0.0489757) (-0.240373,0.240373) (-0.0200194,0.0200194) (0.167268,0.167268) (6.09132e-18,-6.25449e-18) (5.43057e-17,9.53149e-17) (0.141176,0.141176) (-3.75824e-17,-4.38831e-17) (1.73609e-16,8.59501e-17) (0.0208027,-0.0208027) (2.56995e-17,-2.89939e-17) (5.68668e-17,-3.74134e-18) (-1.69168e-16,1.62236e-16) (0.00122364,0.00122364)
 (0.89951,1.38812e-17) (1.19107e-16,0.0552783) (-9.22692e-18,-1.38795e-17) (-6.95746e-17,3.42625e-17) (1.22914e-16,0.367765) (1.03539e-16,3.29597e-17) (1.70392e-17,-5.55112e-17) (0.0282662,-1.36609e-17) (6.41455e-17,-2.60124e-18) (-1.16598e-16,4.01151e-17) (4.71465e-17,3.68629e-18) (-4.67655e-17,-0.134087) (-0.0200194,0.0200194) (0.214587,-0.214587) (0.0843185,0.0843185) (5.98055e-17,-7.53521e-17) (-2.49757e-17,5.04154e-17) (0.102338,0.102338) (2.96516e-17,1.47018e-16) (5.17284e-17,1.64365e-16) (0.0355623,-0.0355623) (6.72238e-17,2.47469e-17) (9.91021e-18,8.41951e-17) (-2.29447e-17,2.22804e-17) (0.131516,0.131516)
 (0.18356,1.42056e-17) (3.29923e-17,1.12765e-17) (1.50389e-16,1.86479e-17) (-0.39225,4.58677e-17) (-2.03127e-17,-1.60479e-17) (-1.0935e-16,3.94633e-17) (-1.06683e-16,0.0158291) (3.20581e-18,2.39068e-17) (1.01998e-16,4.75422e-17) (-1.06507e-17,-8.42453e-17) (-0.16699,-1.20341e-17) (-0.167268,-0.167268) (-0.0843185,-0.0843185) (-0.111413,0.111413) (-4.43792e-17,-8.93789e-17) (1.65098e-17,-6.0451e-17) (-0.110656,0.110656) (5.49298e-17,1.72659e-17) (1.10522e-16,2.65358e-17) (-0.0521768,-0.0521768) (-5.5404e-17,2.7266e-18) (1.07217e-17,4.98996e-17) (-1.65911e-16,-1.7323e-16) (0.127038,-0.127038)
 (0.348297,-4.34528e-19) (3.57045e-17,-1.32163e-17) (1.21544e-18,7.80626e-18) (-0.258321,1.64799e-17) (2.03292e-18,0.00610873) (1.05723e-16,2.16862e-18) (-5.52419e-17,-0.011898) (-0.078755,1.22515e-17) (-8.66933e-18,2.11419e-18) (3.57176e-17,-1.56125e-17) (-4.55563e-17,9.64804e-17) (6.07578e-17,8.09899e-17) (-1.28839e-16,3.5467e-17) (-0.0090976,0.0090976) (-0.0293064,-0.0293064) (4.86058e-17,-7.70868e-17) (0.00246053,-0.00246053) (-0.0753552,-0.0753552) (2.26524e-17,3.21805e-17) (0.0411112,0.0411112) (0.100383,-0.100383) (9.16939e-18,-3.09404e-17) (6.33147e-17,1.17636e-17)
 (0.348297,6.28922e-18) (-5.62633e-17,-5.1824e-17) (-8.3713e-18,0.00610873) (-0.258321,-2.77556e-17) (1.45152e-18,1.68867e-17) (-0.078755,3.18755e-17) (-7.71487e-17,-0.011898) (9.7722e-18,-2.71051e-18) (-4.89747e-17,-7.53351e-18) (2.8961e-17,1.37131e-16) (3.10472e-17,8.05562e-17) (-1.55343e-16,-8.42967e-18) (-0.0293064,-0.0293064) (-0.0090976,0.0090976) (2.64856e-18,-6.75458e-17) (-0.0753552,-0.0753552) (0.00246053,-0.00246053) (-1.25343e-17,1.88177e-17) (0.100383,-0.100383) (0.0411112,0.0411112) (5.79406e-17,1.42302e-18) (-1.75914e-17,-8.51776e-18)
 (0.674252,-7.7927e-18) (3.65298e-17,-9.02056e-17) (3.93219e-18,-6.07153e-18) (-1.03836e-16,0.012796) (2.72283e-17,5.63777e-17) (2.00714e-17,1.54824e-16) (1.38589e-17,-1.44639e-16) (-0.127944,-6.17995e-17) (-0.141176,-0.141176) (-0.102338,-0.102338) (-0.110656,0.110656) (2.60544e-17,-1.32652e-16) (-5.373e-17,-5.82081e-17) (0.068084,-0.068084) (7.12993e-17,1.53198e-16) (8.38308e-17,-1.46909e-17) (-0.0673731,-0.0673731) (-2.10686e-17,4.82334e-17) (-1.81504e-17,1.55159e-17) (-9.42933e-17,-1.18795e-16) (0.108342,-0.108342)
 (0.626673,1.04083e-17) (2.84205e-17,-2.23888e-17) (-1.64666e-17,-2.81893e-18) (6.46319e-17,0.0585507) (0.0206335,-1.21431e-17) (4.2711e-17,-2.1684e-18) (-2.73924e-17,6.5086e-18) (-1.13339e-16,-1.50406e-16) (1.35581e-16,-2.47632e-16) (-1.35918e-17,2.59937e-17) (0.00246053,-0.00246053) (-0.0753552,-0.0753552) (4.70132e-17,4.14165e-17) (0.0525755,-0.0525755) (0.0859698,0.0859698) (-1.52351e-17,-1.88922e-17) (-0.0286425,-0.0286425) (0.0259359,-0.0259359) (-1.37543e-17,-5.04967e-17) (-4.2501e-17,-7.87131e-17)
 (0.626673,1.60462e-17) (5.18856e-17,2.23329e-17) (0.0206335,5.89802e-17) (2.95071e-17,0.0585507) (5.39014e-17,-3.25345e-18) (-1.49211e-19,8.67362e-19) (-1.75133e-16,7.70732e-17) (3.5062e-17,-5.85469e-17) (6.62726e-17,5.20146e-17) (-0.0753552,-0.0753552) (0.00246053,-0.00246053) (9.94433e-17,9.16151e-18) (0.0859698,0.0859698) (0.0525755,-0.0525755) (-1.96946e-17,-3.62937e-17) (0.0259359,-0.0259359) (-0.0286425,-0.0286425) (-4.85035e-17,5.81403e-17) (-1.02386e-17,3.57787e-17)
 (1.32506,1.11173e-18) (-7.10498e-18,5.82759e-18) (-9.99818e-18,-6.26121e-18) (-9.71242e-17,-5.20756e-18) (2.66163e-17,0.0340596) (0.0208027,-0.0208027) (0.0355623,-0.0355623) (0.0521768,0.0521768) (-2.50953e-17,-9.14796e-19) (-5.84055e-17,-7.14218e-18) (0.0673731,0.0673731) (1.78643e-17,3.30682e-18) (4.65439e-17,6.80337e-18) (-0.219087,0.219087) (-4.60122e-17,7.60127e-18) (-6.7175e-18,-2.49214e-17) (-1.26396e-17,3.00239e-17) (0.187483,0.187483)
 (1.21895,-3.30173e-18) (6.64354e-17,-1.5038e-17) (-2.6887e-17,-1.48548e-18) (1.74547e-16,-1.26578e-17) (-3.03187e-18,-3.0284e-17) (-3.83775e-17,-4.12132e-17) (-3.47406e-17,-1.83213e-18) (-0.0411112,-0.0411112) (-0.100383,0.100383) (6.61443e-17,-2.74168e-17) (0.0286425,0.0286425) (-0.0259359,0.0259359) (-1.91003e-17,3.26277e-18) (0.0752068,-0.0752068) (0.173822,0.173822) (9.83116e-19,-3.05127e-17) (7.6889e-17,8.3492e-18)
 (1.21895,-1.18426e-18) (-7.19568e-17,1.26177e-17) (2.27938e-17,-9.20301e-18) (2.20912e-16,5.4803e-17) (3.59853e-17,4.4249e-18) (-8.6155e-17,-2.62728e-17) (-0.100383,0.100383) (-0.0411112,-0.0411112) (3.11608e-17,-1.27433e-16) (-0.0259359,0.0259359) (0.0286425,0.0286425) (-1.79928e-17,2.3218e-17) (0.173822,0.173822) (0.0752068,-0.0752068) (6.66051e-17,-2.78428e-17) (-4.06834e-17,2.26412e-17)
 (1.30669,-2.56132e-18) (4.10057e-17,5.30598e-17) (-1.51698e-16,1.31897e-16) (-1.54366e-17,-1.07878e-17) (1.13612e-16,1.61731e-16) (-1.00774e-17,-1.67035e-17) (1.35355e-17,8.09763e-18) (7.23382e-17,7.8957e-17) (-2.20243e-17,1.25496e-17) (8.75391e-18,4.06576e-18) (-3.90949e-17,4.01104e-17) (-3.99421e-17,2.28589e-17) (4.18285e-17,-2.87102e-17) (-0.226122,0.226122) (-4.94048e-17,-7.83777e-17)
 (1.27177,1.909e-18) (0.00122364,0.00122364) (0.131516,0.131516) (-0.127038,0.127038) (-3.04159e-17,-7.38477e-17) (-3.70253e-17,1.59242e-18) (-0.108342,0.108342) (6.0038e-17,2.9924e-17) (-5.59415e-18,-3.74863e-17) (0.187483,0.187483) (3.33083e-17,-3.50265e-17) (5.78985e-17,-2.00806e-17) (-5.39043e-17,-4.19197e-17) (0.0863058,-0.0863058)
 (-0.141576,7.42678e-18) (0.268131,-5.46434e-17) (9.80119e-17,0.229736) (-8.67359e-17,1.51767e-18) (-1.20319e-16,-5.96322e-18) (-7.0162e-17,0.302975) (1.48536e-16,4.16334e-17) (1.77267e-16,-7.37279e-18) (0.0522094,9.39905e-18) (5.30072e-17,-1.24006e-18) (-1.43174e-17,-7.60633e-18) (-2.82123e-16,4.09286e-18) (-1.45141e-16,-0.0489757)
 (0.89951,6.94228e-18) (3.04838e-17,0.0552783) (-1.17632e-16,3.46928e-17) (9.2811e-17,-1.60496e-17) (-3.31017e-17,0.367765) (-6.08055e-18,-2.08167e-17) (-4.90226e-17,2.25514e-17) (0.0282662,-2.55321e-17) (-9.5235e-17,-4.44497e-17) (-8.21232e-18,-5.38855e-17) (2.15081e-17,3.68586e-18) (9.40402e-17,0.134087)
 (0.18356,7.01555e-19) (1.28553e-16,-3.53446e-17) (-6.23839e-18,-6.07185e-18) (-0.39225,-3.79378e-17) (7.49714e-18,-4.85723e-17) (-2.48754e-17,2.0815e-17) (6.22921e-17,0.0158291) (-4.8137e-17,-4.06258e-19) (-1.6536e-17,1.06931e-17) (-2.36507e-17,-9.75809e-17) (0.16699,-1.88924e-17)
 (0.348297,3.47029e-18) (-1.52335e-17,1.07277e-18) (5.08771e-17,6.41848e-17) (-0.258321,2.86263e-17) (-5.63781e-18,-0.00610873) (4.82647e-17,1.40967e-18) (6.85221e-17,-0.011898) (0.078755,1.98951e-17) (-1.16403e-16,6.17995e-18) (-4.33436e-17,-1.10584e-17)
 (0.348297,-1.40883e-18) (4.43716e-18,7.41599e-17) (-1.21423e-17,-0.00610873) (-0.258321,-3.55627e-17) (-5.76535e-17,3.11496e-19) (0.078755,7.83336e-18) (-4.86197e-17,-0.011898) (4.01328e-17,5.36691e-18) (3.08286e-17,-1.30898e-17)
 (0.674252,1.64968e-17) (5.4017e-18,2.2548e-17) (-2.85334e-17,6.93889e-18) (-9.32159e-17,0.012796) (8.11127e-17,5.39941e-17) (-3.29336e-17,-2.87324e-18) (1.02667e-17,-1.61119e-16) (0.127944,-8.63021e-17)
 (0.626673,-1.73472e-17) (5.44278e-17,-3.13877e-17) (-1.73013e-17,-6.50521e-19) (-9.2213e-17,0.0585507) (-0.0206335,1.04083e-17) (5.72809e-17,-4.55365e-18) (6.96462e-17,-2.12521e-17)
 (0.626673,2.60378e-18) (-8.10649e-17,-2.49451e-18) (-0.0206335,9.97508e-18) (-5.01485e-17,0.0585507) (2.59658e-17,-8.89088e-18) (6.62984e-17,-1.52877e-17)
 (1.32506,2.92782e-18) (5.95264e-17,5.17701e-18) (9.06001e-18,-6.43049e-18) (-7.51894e-17,-4.30293e-18) (4.86468e-17,-0.0340596)
 (1.21895,2.82803e-19) (2.82822e-17,4.59754e-18) (6.24338e-17,8.8228e-18) (-6.29322e-17,-1.49349e-17)
 (1.21895,-9.7221e-18) (2.14096e-17,2.43628e-19) (3.59564e-17,1.93396e-17)
 (1.30669,2.66964e-18) (2.19368e-17,-4.60938e-17)
 (1.27177,-1.49226e-18)
