2 (index of k points)
0.2500000000000012767564783 0.2500000000000012767564783 0.2500000000000012767564783
14 (number of bands)
26 (number of orbitals)
1 (band)
-2.9318468482979237466068412e-01 (Ry)
2.5000000000000000000000000e-01 (Occupations)
4.1510656403709206285768119e-01 -1.9232998424246222635147774e-02 8.7777053634635893164528397e-02 -5.9490814002546299477103275e-03 -1.3430450093549012313687285e-02 8.8280096139187552717331187e-02 1.3430450093548818024657976e-02 -8.8280096139187164139272568e-02 1.3430450093548790269082360e-02 -8.8280096139187469450604340e-02 
1.0715995006787992771535301e-02 1.5818091724768695849334676e-02 -1.0715995006788298082867072e-02 -1.5818091724768640338183445e-02 -1.0715995006788062160474340e-02 -1.5818091724768820749424947e-02 1.4772254600114997913351544e-16 -4.5807541787512562336814881e-17 1.2938564481646853965290944e-02 -1.4642877412175840656782810e-02 
1.2938564481646722126306770e-02 -1.4642877412175897902657518e-02 2.1467143393566618799724770e-16 -8.2824334095904664049327701e-18 -1.2938564481646819270821425e-02 1.4642877412175871881805378e-02 1.2973405378291447131999803e-01 3.9478151302224356866688026e-01 2.5674182057557899672151080e-02 8.4148910212541561115529021e-02 
-7.7723168676798543019756949e-02 4.3964319793414155523869624e-02 7.7723168676798903842239952e-02 -4.3964319793414134707187912e-02 7.7723168676798459753030102e-02 -4.3964319793413635106826831e-02 -1.8595891167738676924559016e-02 -4.3860467936725870685688022e-03 1.8595891167739152238791434e-02 4.3860467936726408449965575e-03 
1.8595891167738857335800517e-02 4.3860467936727223769999284e-03 8.0773061850170080333555234e-17 6.5065682876286334845872261e-17 -9.0805426142474120893011147e-03 1.7302140202431641469171808e-02 -9.0805426142475387241148610e-03 1.7302140202431554732998009e-02 5.2375580578571875723492095e-17 2.2917131023975296822623355e-16 
9.0805426142475283157740051e-03 -1.7302140202431304932817469e-02 
2 (band)
2.1666481099953244227052096e-01 (Ry)
2.5000000000000000000000000e-01 (Occupations)
1.4769710550382045277650889e-01 9.1062035532767940382292693e-02 1.5054593643626001941981940e-01 -1.7253876639603538123424187e-03 1.1270383309296211349348482e-01 -2.4331791374125502636083240e-01 -1.1270383309296093388152116e-01 2.4331791374125305571496369e-01 -1.1270383309296012896982830e-01 2.4331791374125261162575384e-01 
-1.9589741756132428296410808e-02 1.8026102725411261018528819e-02 1.9589741756133233208103661e-02 -1.8026102725410345084533503e-02 1.9589741756131984207200958e-02 -1.8026102725410567129138428e-02 1.6946079955948434303536487e-16 7.9146758591441823682544054e-17 2.8031600948740621054300348e-02 3.9764150922534678700426269e-02 
2.8031600948740426765271039e-02 3.9764150922534657883744558e-02 1.0431061889111693603168703e-16 9.1737639470024033790569797e-19 -2.8031600948740482276422270e-02 -3.9764150922534595433699423e-02 -1.6703549374532966620421348e-01 -4.6966723526709330815975818e-02 -1.0070794397626717242566485e-01 -1.1191499434898960485540442e-01 
-1.0264857103124723491927028e-01 2.4772773766069317025184660e-01 1.0264857103124605530730662e-01 -2.4772773766069450251947615e-01 1.0264857103124548631800650e-01 -2.4772773766069400291911506e-01 -9.1908450722058554482885029e-06 -2.6621387587188391488091099e-02 9.1908450722691728551616563e-06 2.6621387587188016787820288e-02 
9.1908450716255904455742609e-06 2.6621387587189099255269298e-02 4.3842425349882585550176373e-17 3.3401558428847177850684602e-16 -4.8239856956842457058609597e-02 6.3146299276312769024888105e-03 -4.8239856956842366852988846e-02 6.3146299276313853227060591e-03 2.9229167782842846369240119e-17 -4.9087273341262597356652190e-17 
4.8239856956843095436848756e-02 -6.3146299276314486401129322e-03 
3 (band)
4.4493896745685868054920320e-01 (Ry)
2.5000000000000000000000000e-01 (Occupations)
5.3429483060085658507887274e-16 1.6653345369377348106354475e-15 -3.0496438707672268719761632e-15 5.3256010712487977798446082e-16 -2.7061482516556872868207506e-01 3.9697626551904097169654051e-01 -6.5000546917288071213647527e-02 1.0638363663738858999607828e-01 -2.0561427824828432120440880e-01 2.9059262888164805183066619e-01 
6.4088576289061477408992573e-02 -7.1852196300037751708345013e-02 1.5680437339429566245829761e-02 -1.9450694947408642132558043e-02 4.8408138949631446257271250e-02 -5.2401501352628554464274657e-02 -1.1145988133426612542997702e-02 3.5127799539494658498384183e-02 -6.2621594709801303713092580e-02 1.5258122329183360088578070e-02 
-2.1521973806417064867257949e-02 6.8067856881480759412283987e-03 -3.6241755284881962267951039e-03 9.6021797506733348737117950e-03 -8.4143568516221955988498848e-02 2.2064908017331325007504006e-02 -5.1417203827952562278369442e-15 -2.4702462297909733024425805e-15 6.3837823915946501074358821e-16 3.8163916471489756077062339e-15 
2.3773688811763205031013513e-01 4.1749695928590524474088852e-01 6.7013516159255714921272329e-02 1.0512724621006952485657848e-01 1.7072337195837578027735049e-01 3.1236971307582667156665934e-01 -5.8088555912143381709800138e-02 -7.6784135053663493675202290e-02 -1.6047791789080990271232352e-02 -1.9148734365150250902321005e-02 
-4.2040764123061021007021765e-02 -5.7635400688513388489653266e-02 -8.2783200589625471205179608e-03 -3.5911902886911400978320330e-02 -6.0443669222945195507179506e-02 -2.2379393912216168083251233e-02 -2.1647625372475609584199674e-02 -6.3959364960641529318507992e-03 -1.7657906145238468943736709e-03 -1.0110315906594927529149608e-02 
-8.2091294595421013258196297e-02 -2.8775330408277954852280800e-02 
4 (band)
4.4493896745685934668301798e-01 (Ry)
2.5000000000000000000000000e-01 (Occupations)
5.1000870193718128575710580e-16 6.4878658001532585331005976e-16 -1.8561541192951835910207592e-16 -3.9031278209478159624268301e-16 -4.9456748747727777293370366e-02 -1.2432117582078144879531578e-01 -1.5757211613787674986397747e-01 -4.5645672600047915157261968e-01 1.0811536739015056851620500e-01 3.3213555017969681459888420e-01 
6.5974012031123491217599053e-03 2.5988978353245387187264726e-02 1.9451342713646402327043461e-02 9.4797025480348240389361081e-02 -1.2853941510532984615622354e-02 -6.8808047127100979700742300e-02 -6.3710042468993711636815469e-03 -8.0465401951092460630654557e-03 -2.4704096831021950947393506e-02 5.8217707303568538845794933e-02 
3.2723281570657583583461303e-02 -8.1077292876924278441919114e-02 2.1294671668963566224519468e-02 3.0078768433374931945412101e-02 8.0191847396352856913726015e-03 -2.2859585573355392651428986e-02 1.1241008124329709971789271e-15 -5.3776427755281019926769659e-16 -6.2623517482762736108270474e-16 8.4827977975265866916743107e-16 
-1.3340904201880854351713879e-01 -1.0185885419655288375295754e-02 -4.7927469702561009690100491e-01 -5.8970155894831476073303378e-02 3.4586565500680194196192474e-01 4.8784270475176354231461318e-02 2.6774475786631460327846810e-02 -1.4422707205488608656063221e-03 9.6769265969452344933188215e-02 -7.3480406804076262017311194e-04 
-6.9994790182820648682948672e-02 -7.0746665250894999465991475e-04 9.5788526230231822028438060e-03 3.6853882633859089482109006e-03 -5.3042049161977397608858098e-02 3.4440308718400217125044094e-02 7.2475900608041071704334968e-02 -4.8903828153387167432253335e-02 -3.3636631998167437762603527e-02 -1.5058962108235799184918768e-02 
1.9433851446064721868456360e-02 -1.4463519434987170617090690e-02 
5 (band)
6.8897524052365588520530082e-01 (Ry)
0.0000000000000000000000000e+00 (Occupations)
3.8589733708915846532860883e-01 -2.4973766516983003649343686e-01 2.4598667842269317240777582e-01 -3.8842239474938478061005753e-02 -2.0184877449366336876757089e-01 -1.1426590300807526467963271e-01 2.0184877449365934420910662e-01 1.1426590300807867861543343e-01 2.0184877449365762336341845e-01 1.1426590300808092681705830e-01 
-4.4755250912623806280876693e-03 1.7239953880511860173641026e-02 4.4755250912626720616316334e-03 -1.7239953880514025108539045e-02 4.4755250912623945058754771e-03 -1.7239953880514191641992738e-02 -6.4824447892908310109305603e-16 -9.7090304546076922065367398e-16 -1.1013004667745804332490422e-01 1.6104222057933135353602339e-02 
-1.1013004667745868170314338e-01 1.6104222057932823103376663e-02 -4.1476460355990943819022725e-17 2.9379326345228960513135141e-16 1.1013004667745701636860645e-01 -1.6104222057931556755239200e-02 2.5333083416181001457090360e-01 -3.8354809951278412416542096e-01 4.1137920629678276229768130e-02 -2.4561318575175078438022069e-01 
-1.1237576711767649495499199e-01 -2.0290714950330110410980922e-01 1.1237576711768115789169542e-01 2.0290714950330324128913162e-01 1.1237576711768276771508113e-01 2.0290714950330623889129811e-01 1.7281000837420623650331208e-02 -4.3143185674914194538409618e-03 -1.7281000837419860372001779e-02 4.3143185674908365867530335e-03 
-1.7281000837420151805545743e-02 4.3143185674911627147665172e-03 3.5583515300974255524124601e-16 -1.6031013322370668561234197e-15 -1.7132071485068615934732605e-02 1.0997483928563193955607602e-01 -1.7132071485068286337272170e-02 1.0997483928563255017873956e-01 -1.4663075764678277176003122e-16 4.7489982235478729136646661e-17 
1.7132071485068657568096029e-02 -1.0997483928563138444456371e-01 
6 (band)
7.8580805304254830456756054e-01 (Ry)
0.0000000000000000000000000e+00 (Occupations)
-1.8943180357666733470978215e-15 -3.3306690738754696212708950e-15 8.6042284408449631882831454e-16 2.2343238370581275376025587e-15 -2.9378372512192296728272822e-01 1.4344450187196516877108365e-01 -4.6042939401805460519767621e-01 2.9166338784285611440694197e-01 1.6664566889613091626998198e-01 -1.4821888597089080685798024e-01 
3.2477106787296969314660089e-02 -4.1745940781169194044863957e-02 4.6142452389732982465098132e-02 -7.5138812070504878981580532e-02 -1.3665345602435284566578133e-02 3.3392871289334657980418797e-02 7.6886528181414129368143051e-02 -4.4084405585309599517884749e-02 -7.2739523999191674219488846e-02 2.0426607986449553389096678e-02 
1.8349370972371792376520716e-01 -2.0541989008705161673384865e-02 -9.3362154747438169666295948e-02 7.5207338802027803859040489e-02 1.1075418572452683241280624e-01 -1.1538102225520929788871172e-04 -2.5396351688300455862190574e-15 1.8596235662471372052095830e-15 1.2420620087993938795989379e-15 -1.5265566588595902430824935e-15 
-2.0104635164580421380353670e-02 -3.2631427475474528154819609e-01 -9.3271954387765781957497779e-02 -5.3699450761482758753828648e-01 7.3167319223186103038791828e-02 2.1068023286008177863415369e-01 -2.0298474788285683634292411e-02 4.8841150255168143401451886e-02 -2.4659257047806758950114769e-02 8.4657474765997192678312899e-02 
4.3607822595217796135536048e-03 -3.5816324510828390081940142e-02 4.3060585699477996537987146e-04 -8.8627239662513401796672952e-02 5.3532807642060864505850759e-02 5.3315318356166700730636165e-02 -1.0805497095626140358071154e-01 -1.4971986532270040171077596e-01 1.8229076826645904813029020e-02 1.1849192591402944729761515e-01 
-5.4522163314200178252377782e-02 -9.6404546966533319340975083e-02 
7 (band)
7.8580805304255019194670240e-01 (Ry)
0.0000000000000000000000000e+00 (Occupations)
-6.1617377866696187993511558e-15 2.0261570199409106862731278e-15 4.1633363423443370265886188e-16 -1.8075818619678329923772253e-15 2.8287799020148751694136990e-01 -3.3993120741461535505578695e-01 -3.2890505822570081928546415e-03 7.3381256742215905664039610e-02 2.8616704078374510800131247e-01 -4.1331246415682870720686992e-01 
-1.6911222922238032528863272e-02 6.9517697054816418589240357e-02 -4.7437101050647953459638018e-03 -1.0895683734536414088989176e-02 -1.2167512817172237982177307e-02 8.0413380789352117972157430e-02 -7.0402790688088273673983508e-02 9.7036502472505448135819961e-02 -1.4846108788427644920027149e-01 8.3439533126223514036823303e-02 
1.1885641963527763392827197e-02 -2.1862105664267307558734643e-02 -4.0150435776133017173883388e-02 7.9012122731818901222311524e-02 -1.3657544592074893907707178e-01 6.1577427461955255849623825e-02 3.9412917374193057185038924e-15 2.5535129566378600429743528e-15 -1.3461454173580023052636534e-15 -1.5404344466674046998377889e-15 
2.0580919449743645399664160e-01 3.9142784593729273989737294e-01 -6.6537287193140420837877969e-02 -3.1119384758970497495411678e-02 2.7234648169057884548038828e-01 4.2254723069626226594763807e-01 -2.0494718281180157593013291e-03 -7.1515727848889459883352515e-02 7.4529194265869980542960072e-03 9.2559549277600530747811547e-03 
-9.5023912547051690713484362e-03 -8.0771682776651129720413280e-02 4.8630069912972605228329570e-02 1.0957988888946286476500092e-01 1.4562141902696151829488258e-01 8.8302053343504258164919918e-02 -2.4881067588010587904312487e-02 3.9067203847015848517526537e-04 4.8212452737516370282477851e-02 7.4367549594121590272877143e-02 
1.2074035143895096855448656e-01 8.8692725381971440623551928e-02 
8 (band)
1.0800858429555735273908113e+00 (Ry)
0.0000000000000000000000000e+00 (Occupations)
6.6468939493313183852762904e-01 1.8432499944586244744471060e-01 1.8026927409642418131952013e-01 8.8130546410566890092042058e-02 3.8668889227884695181103325e-02 3.4162304114151020861811503e-01 -3.8668889227886638071396419e-02 -3.4162304114151298417567659e-01 -3.8668889227888358917084588e-02 -3.4162304114151376133179383e-01 
3.6116538370900647114680737e-02 -1.3455013881020866373106060e-01 -3.6116538370902340204793290e-02 1.3455013881020666532961627e-01 -3.6116538370903533694544763e-02 1.3455013881020688737422120e-01 -9.0303876572675467748751998e-16 1.5897249879340269451688528e-15 7.5596495044392211792860792e-02 -3.1079330904772745070019369e-02 
7.5596495044391462392319170e-02 -3.1079330904773806720786666e-02 -1.0824954289316399299081425e-15 1.2253833449101585977927406e-15 -7.5596495044391892603741212e-02 3.1079330904772869970109639e-02 -4.2984268267984948597160155e-01 -5.3946544403130469724771956e-01 -1.5167242701532554494114891e-01 -1.3137533740072440680002330e-01 
3.2949201199077932100678368e-01 -9.8166181891524470493060051e-02 -3.2949201199077898793987629e-01 9.8166181891524359470757588e-02 -3.2949201199078076429671569e-01 9.8166181891523915381547738e-02 -1.0966967821261379423258830e-01 8.5911034672417729840532274e-02 1.0966967821261340565452969e-01 -8.5911034672418618018951975e-02 
1.0966967821261314197656134e-01 -8.5911034672418992719222786e-02 9.5298999269223527708305710e-16 7.0818900060626993608892121e-16 -9.9825864903214304828249492e-04 -8.1729788646211540270591911e-02 -9.9825864903259017325842795e-04 -8.1729788646213802350004585e-02 1.2419434383608511622762181e-15 7.2775618217699953528694554e-16 
9.9825864903275735723342521e-04 8.1729788646214288072577858e-02 
9 (band)
1.1540895688212804426342473e+00 (Ry)
0.0000000000000000000000000e+00 (Occupations)
-1.5543122344752191565930843e-15 -1.5265566588595902430824935e-16 3.4694469519536141888238490e-16 9.2287288921966137422714382e-16 6.3730402072406350244548889e-02 1.3683875960098468294035001e-01 7.3522121277265206629181193e-03 1.6298268438250917977683230e-01 5.6378189944682327583436177e-02 -2.6143924781525801348536220e-02 
-5.2557799377090888559571624e-02 -2.4087364057847615583796141e-03 -5.1530395169588107118219256e-02 -2.4044496223875111429180151e-02 -1.0274042075044120814197868e-03 2.1635759818089524142425972e-02 1.7936495525020690333661832e-01 3.5349561285628466889008337e-01 -5.4543516106614911564953729e-02 -4.4951802388270366284128698e-02 
1.6351336253004894460971741e-01 -8.7715884661988777204477685e-02 6.4627827709518817500544685e-02 -2.8907887828451728218226435e-01 1.0896984642343410243370272e-01 -1.3266768705025938634989302e-01 -2.0539125955565395997837186e-15 -5.9674487573602164047770202e-16 4.4408920985006261616945267e-16 3.6082248300317587563768029e-16 
-7.6564710626371407231616217e-02 1.3009325641303240428392485e-01 -1.3007041181815404140564851e-01 9.8484000736949364740446811e-02 5.3505701191783924808298423e-02 3.1609255676081950137135124e-02 5.2546451099022881137123875e-02 2.6447614888737494553971885e-03 5.1421885992940341569834573e-02 2.4275688783694175654215286e-02 
1.1245651060843072505113227e-03 -2.1630927294822802769980186e-02 2.1245188040655610395290864e-01 -3.3465674054509575441329616e-01 5.8734852780969119823151203e-02 -3.9317639247854675732529728e-02 3.7004214100925934827213126e-02 1.8182789743790966907610596e-01 -2.8158002935849152370550996e-01 9.1956734669940934367993179e-02 
9.5739066881896109362237723e-02 1.4251025819005372352599181e-01 
10 (band)
1.1540895688212819969464817e+00 (Ry)
0.0000000000000000000000000e+00 (Occupations)
-2.9837243786801082023885101e-16 1.7208456881689926376566291e-15 1.3522169495239211300940951e-15 -3.1225022567582527699414641e-16 2.3320733164615414789722081e-03 -1.1277722154308211788276139e-01 -8.4064375342671637802993700e-02 4.2735475999743269270858548e-02 8.6396448659130709035736118e-02 -1.5551269754282870394490601e-01 
3.4458918219250143921694729e-02 1.8929577858053436845153783e-02 3.7274901659883896698488570e-04 -3.2866576979315956230642826e-02 3.4086169202653893162136001e-02 5.1796154837370489421033426e-02 -3.8556241526781845352367384e-03 -2.9618995281251608853168023e-01 -2.0197135443769825835502729e-01 -1.2093163385952059030170602e-02 
8.5177029268092230296360867e-02 6.5180594032650210345458675e-02 2.4816672804847517141979552e-01 -3.0910226555342917853508311e-01 -1.1679432516960830401586691e-01 5.3087430646699969305490896e-02 1.8041124150158793781884015e-16 -1.2836953722228372498648241e-15 -1.6427831317500363184080925e-15 -2.0573820425084932139725424e-15 
9.4210939637474330754507434e-02 -6.2035789005666405748762315e-02 -8.2872241123176648702752800e-02 -4.5003686092368502813521047e-02 1.7708318076064705204331062e-01 -1.7032102913296778834428835e-02 -3.4373553514805810227272787e-02 -1.9084150007006649846230673e-02 -5.2035674593712069602169379e-04 3.2864571395707767309524172e-02 
-3.3853196768867638288824651e-02 -5.1948721402716536987842488e-02 -2.5274409605940362233411633e-01 1.5447904677270093976026999e-01 6.9647554822731105872435364e-02 -1.8996813080433483378328674e-01 -8.6916508968363670462053960e-02 6.2842315537694995453144031e-02 -3.9247018800669308813411362e-01 -5.5660461788775247859994977e-02 
-1.7268954145632727653625338e-02 -1.2712581526664112896440884e-01 
11 (band)
1.3835825343324774650000109e+00 (Ry)
0.0000000000000000000000000e+00 (Occupations)
3.8624852452193109142442040e-01 9.9264720282957186192618337e-03 4.5081058501513365799340249e-01 -1.1093326169703399131094557e-01 -1.2328449122869754306375256e-01 2.9962031054943483177055441e-01 1.2328449122869757081932818e-01 -2.9962031054943005781154852e-01 1.2328449122869832021986980e-01 -2.9962031054943505381515934e-01 
4.2772137947130806079343301e-02 -1.8274409331726795824302201e-01 -4.2772137947132332636002161e-02 1.8274409331727059502270549e-01 -4.2772137947131402824219037e-02 1.8274409331726831906550501e-01 -5.7798817815202241376937309e-16 1.0516761073109393009872292e-17 -8.9594832288823089694318469e-02 7.9458015677737262039137534e-02 
-8.9594832288821951715718228e-02 7.9458015677735624460176211e-02 7.7512011902875754892240284e-16 -6.5392240721790624354642661e-16 8.9594832288822368049352463e-02 -7.9458015677735471804510325e-02 2.2356786822863072838885046e-01 3.1512515900514032063384207e-01 1.5922379144284976026924028e-01 4.3610108501468425323821521e-01 
-1.8001225004106158333883059e-01 2.6938260171438932477627759e-01 1.8001225004106183313901113e-01 -2.6938260171439032397699975e-01 1.8001225004106036209350350e-01 -2.6938260171438943579858005e-01 1.2786726075237170308085410e-01 -1.3738567266860102211722960e-01 -1.2786726075237059285782948e-01 1.3738567266860068905032222e-01 
-1.2786726075237234145909326e-01 1.3738567266860030047226360e-01 7.9369020036801352091515582e-16 9.4854137565325569170227027e-16 1.6017508164194820680092946e-02 -1.1867708144589521335188209e-01 1.6017508164193776376560407e-02 -1.1867708144589554641878948e-01 -1.0351441975970430332456292e-15 9.2472419162675841627456512e-17 
-1.6017508164192770236944341e-02 1.1867708144589446395134047e-01 
12 (band)
1.7645927919053230326085213e+00 (Ry)
0.0000000000000000000000000e+00 (Occupations)
1.2184992924733151209437665e-01 -2.2389167481361427203268022e-01 1.9754869188926343914758377e-01 -1.6456984778818672943145884e-01 3.2739019724094875485320699e-02 -1.4621827512231677648202322e-01 -3.2739019724095985708345324e-02 1.4621827512232371537592712e-01 -3.2739019724091877883154211e-02 1.4621827512232130064084856e-01 
-5.4843951109387278908258168e-02 2.0365106417195941168607476e-01 5.4843951109388111575526636e-02 -2.0365106417195971699740653e-01 5.4843951109385780107174924e-02 -2.0365106417195663612851320e-01 3.9378222904673521043150686e-16 1.4797191250082164515333716e-15 -1.9962731292755656054005442e-01 -3.6328436460637725247124763e-01 
-1.9962731292755567236163472e-01 -3.6328436460638274807521952e-01 2.9333911120161449867564505e-15 -6.3884291258435882443510941e-16 1.9962731292755381273806847e-01 3.6328436460637858473887718e-01 -1.0690132748872938073247951e-01 -2.3140223311277119400131141e-01 -1.8632827575810784193066638e-01 -1.7717362704758560232320974e-01 
2.3077321176233733801552717e-02 1.4805088530491872234051698e-01 -2.3077321176232179489318241e-02 -1.4805088530492244158764947e-01 -2.3077321176237952649046292e-02 -1.4805088530491988807469284e-01 -4.1367341332447793433857441e-02 -2.0680995619830488951862435e-01 4.1367341332449403257243148e-02 2.0680995619830522258553174e-01 
4.1367341332447793433857441e-02 2.0680995619830361276214603e-01 3.7383290907300192884576973e-16 9.8749133869979743849398801e-16 2.2302702326912901553690460e-01 -3.4940741338135222759930798e-01 2.2302702326913617647541344e-01 -3.4940741338135133942088828e-01 1.5416273692556052576189812e-15 -2.4105935359635677055138170e-15 
-2.2302702326912868246999722e-01 3.4940741338134978510865380e-01 
13 (band)
1.9043636655646627442450836e+00 (Ry)
0.0000000000000000000000000e+00 (Occupations)
-3.0253577421035515726543963e-15 -1.3600232051658167620189488e-15 4.3715031594615538779180497e-15 -6.9388939039072283776476979e-17 2.0874689457373113432581135e-01 -5.5795901318302698612683344e-02 2.8775060396594032141592834e-01 -3.5616780826938743143017518e-01 -7.9003709392207105421945812e-02 3.0037190695108911819843911e-01 
-5.4119335876998173051610763e-02 5.4444313818462833354239194e-03 -8.5865147108328543357202989e-02 7.6893505030200967609310680e-02 3.1745811231331161339497271e-02 -7.1449073648357952492915501e-02 1.7384629276963126098820567e-01 5.0630964404903902598142906e-02 -9.3264173940654837569042002e-02 -3.4134464237178419043772237e-01 
-8.0862012472834005061272933e-02 5.1536508864440588872923854e-01 -3.1633228555403858361927405e-01 1.7976837985507171380206159e-01 -1.7412618641348737158480731e-01 1.7402044627262819309621023e-01 3.6359804056473876698873937e-15 1.9428902930940239457413554e-15 -4.4547698863084406184498221e-15 -3.1641356201816961402073503e-15 
-2.1482157792205189283940570e-01 -2.3240874707709469060290530e-02 -3.9683429751192317302965762e-01 2.2842604503078134392524134e-01 1.8201271958987363941417925e-01 -2.5166691973849059094092695e-01 5.4315684455441576306000684e-02 -2.8897700558669914272513779e-03 8.9390998075546290735360344e-02 -7.2764579754314967496853228e-02 
-3.5075313620103042155928819e-02 6.9874809698455608852896148e-02 1.6406725169533634134388933e-01 -7.6602643475627146818496271e-02 3.2299556329002115928616945e-01 -1.4452763442233074187015518e-01 -5.2166956439930767253088106e-01 -8.3978214361148974254067667e-04 -1.1920909185601905044826765e-01 3.4376151282309441725715260e-01 
-1.9867400110928942758015125e-01 -1.4536741656593551996756730e-01 
14 (band)
1.9043636655646649646911328e+00 (Ry)
0.0000000000000000000000000e+00 (Occupations)
-5.8841820305133296642452478e-15 -7.8825834748386114370077848e-15 2.1926904736346841673366725e-15 4.2188474935755948536098003e-15 5.6754660494394398861928153e-02 4.3046093495425585828684234e-01 -1.2176870157714950182459290e-01 1.0355009509246976273644236e-01 1.7852336207154584357681415e-01 3.2691083986178470777161920e-01 
3.2599390216465767844411516e-03 -1.0924891542299838831375780e-01 3.4433342869612706960147364e-02 -2.0818438160050828367175768e-02 -3.1173403847968433888482309e-02 -8.8430477262949391814572664e-02 -1.4619699815281350652185210e-01 3.3318046613009366652136123e-01 -3.6243959880470583145850583e-01 -2.2074420262601593401008415e-01 
6.1104484622798188597769808e-02 -1.7155535286265666261584784e-01 6.8284471337568569682119346e-02 1.6769990769366485694469304e-01 -3.0133511418190567221486731e-01 -3.9229955548867900816389920e-01 -6.6613381477509392425417900e-15 5.4956039718945248750969768e-15 4.0523140398818213725462556e-15 -8.3266726846886740531772375e-16 
1.0230511994608326720168634e-01 -4.2196133761560294939130245e-01 1.5091847574865824288536942e-01 -5.2667376573614879675666600e-02 -4.8613355802574420572170766e-02 -3.6929396104198675132579410e-01 -8.4011389799650559861987631e-03 1.0897418771143035920445641e-01 -3.5375534650216124143984331e-02 1.9173784624103268336980932e-02 
2.6974395670256445800561096e-02 8.9800403087323135697950249e-02 1.0985785063639896819154274e-01 3.4686314006119173258824162e-01 1.6252714895251343940607569e-01 -3.9201452986857060478698145e-01 1.7889881459142326081135366e-01 3.4061874209021673898245552e-02 1.6193304292074242600740774e-01 8.1016774045525291603198070e-02 
3.4142596354394194602122070e-01 -3.5795265565955008968401785e-01 
