1 (index of k points)
0 0 0
14 (number of bands)
26 (number of orbitals)
1 (band)
-3.4804974689770556972590043e-01 (Ry)
3.1250000000000000000000000e-02 (Occupations)
4.7121179755487518914236489e-01 0.0000000000000000000000000e+00 3.7854959728450494893525757e-02 0.0000000000000000000000000e+00 1.3483558142146669275565259e-15 0.0000000000000000000000000e+00 -1.5327642742112275965958150e-16 0.0000000000000000000000000e+00 -3.2646187532115719748325047e-16 0.0000000000000000000000000e+00 
5.2558702122697252989974762e-16 0.0000000000000000000000000e+00 -2.9473848245265588171676311e-16 0.0000000000000000000000000e+00 -2.4712015955047227831393438e-16 0.0000000000000000000000000e+00 1.3173731190159091128889569e-16 0.0000000000000000000000000e+00 8.3103951508790011230332562e-17 0.0000000000000000000000000e+00 
-9.9362873201060934825675981e-17 0.0000000000000000000000000e+00 2.4736022529925408770039755e-16 0.0000000000000000000000000e+00 7.0900504784206074984137195e-18 0.0000000000000000000000000e+00 4.7121179755489289719960766e-01 0.0000000000000000000000000e+00 3.7854959728441196775694522e-02 0.0000000000000000000000000e+00 
-1.0670698793048805197907750e-16 0.0000000000000000000000000e+00 2.1416380977870589183847439e-18 0.0000000000000000000000000e+00 2.4955166692653852916162505e-16 0.0000000000000000000000000e+00 -1.2923009656284629901654322e-16 0.0000000000000000000000000e+00 -3.4262800472767399632437627e-17 0.0000000000000000000000000e+00 
4.0565586664020881273836709e-17 0.0000000000000000000000000e+00 1.0712729684704947081367550e-16 0.0000000000000000000000000e+00 -2.3688994224498107730619098e-17 0.0000000000000000000000000e+00 1.5092372888384918688177042e-17 0.0000000000000000000000000e+00 2.8172847231932163868969944e-16 0.0000000000000000000000000e+00 
-2.2692518724352321310452848e-17 0.0000000000000000000000000e+00 
2 (band)
5.0613986891759288333503264e-01 (Ry)
3.1250000000000000000000000e-02 (Occupations)
-2.2360729681898613504123859e-16 0.0000000000000000000000000e+00 -3.9834469470661846114199095e-16 0.0000000000000000000000000e+00 1.5189949064387912869289465e-02 0.0000000000000000000000000e+00 -1.1094153762745040392445617e-01 0.0000000000000000000000000e+00 5.7346871863912207700764156e-01 0.0000000000000000000000000e+00 
-4.0944933141868989842637738e-03 0.0000000000000000000000000e+00 2.9904602191610400035992612e-02 0.0000000000000000000000000e+00 -1.5458009927556098928036477e-01 0.0000000000000000000000000e+00 2.8088344097402580046596714e-16 0.0000000000000000000000000e+00 1.4700656607344816939608734e-01 0.0000000000000000000000000e+00 
-2.8439449182550331080010508e-02 0.0000000000000000000000000e+00 -5.8763539293571801328536512e-16 0.0000000000000000000000000e+00 3.8938867600052202641580656e-03 0.0000000000000000000000000e+00 5.8400394937175364265450883e-17 0.0000000000000000000000000e+00 1.5602370988794969573869802e-16 0.0000000000000000000000000e+00 
-1.5189949064387604088510741e-02 0.0000000000000000000000000e+00 1.1094153762745215252571995e-01 0.0000000000000000000000000e+00 -5.7346871863912851630118439e-01 0.0000000000000000000000000e+00 4.0944933141879372162641459e-03 0.0000000000000000000000000e+00 -2.9904602191609151035089909e-02 0.0000000000000000000000000e+00 
1.5458009927556165541417954e-01 0.0000000000000000000000000e+00 1.1831473489159453627636059e-15 0.0000000000000000000000000e+00 1.4700656607344664283942848e-01 0.0000000000000000000000000e+00 -2.8439449182551344158520479e-02 0.0000000000000000000000000e+00 -2.7615996265986324583823611e-16 0.0000000000000000000000000e+00 
3.8938867600053364906309561e-03 0.0000000000000000000000000e+00 
3 (band)
5.0613986891759388253575480e-01 (Ry)
3.1250000000000000000000000e-02 (Occupations)
4.1006098836071566254083522e-15 0.0000000000000000000000000e+00 9.1259485569447884320480649e-16 0.0000000000000000000000000e+00 -5.8409996736855496202167615e-01 0.0000000000000000000000000e+00 -4.1367476916886547835816579e-03 0.0000000000000000000000000e+00 1.4671265109475200780209114e-02 0.0000000000000000000000000e+00 
1.5744578214649149194848121e-01 0.0000000000000000000000000e+00 1.1150719264636905179999271e-03 0.0000000000000000000000000e+00 -3.9546806014160449174732470e-03 0.0000000000000000000000000e+00 4.5137730310184253710278722e-16 0.0000000000000000000000000e+00 3.7609240636797317512696193e-03 0.0000000000000000000000000e+00 
-1.0604398341203793640352693e-03 0.0000000000000000000000000e+00 3.0007065933179825922772613e-17 0.0000000000000000000000000e+00 -1.4973184701378197680732285e-01 0.0000000000000000000000000e+00 -3.6162846826784884661677226e-15 0.0000000000000000000000000e+00 -8.5522767009568283303825389e-16 0.0000000000000000000000000e+00 
5.8409996736855185339720720e-01 0.0000000000000000000000000e+00 4.1367476916858584093383833e-03 0.0000000000000000000000000e+00 -1.4671265109476409882471870e-02 0.0000000000000000000000000e+00 -1.5744578214649065928121274e-01 0.0000000000000000000000000e+00 -1.1150719264619985120895462e-03 0.0000000000000000000000000e+00 
3.9546806014155253677921920e-03 0.0000000000000000000000000e+00 -1.0112612778152008675004338e-16 0.0000000000000000000000000e+00 3.7609240636785994105206754e-03 0.0000000000000000000000000e+00 -1.0604398341214214991634623e-03 0.0000000000000000000000000e+00 4.8582690962898166906905152e-16 0.0000000000000000000000000e+00 
-1.4973184701378361438628417e-01 0.0000000000000000000000000e+00 
4 (band)
5.0613986891759699116022375e-01 (Ry)
3.1250000000000000000000000e-02 (Occupations)
9.8080383856642514659663765e-16 0.0000000000000000000000000e+00 -9.4992926237635529299922209e-16 0.0000000000000000000000000e+00 1.2744209659767730298540744e-03 0.0000000000000000000000000e+00 -5.7365494256452864707540584e-01 0.0000000000000000000000000e+00 -1.1101132061104906911808143e-01 0.0000000000000000000000000e+00 
-3.4352374076706507655815104e-04 0.0000000000000000000000000e+00 1.5463029645623060925885284e-01 0.0000000000000000000000000e+00 2.9923412390285671763612285e-02 0.0000000000000000000000000e+00 1.1731468439165376271231066e-16 0.0000000000000000000000000e+00 -2.8457337789995075516547018e-02 0.0000000000000000000000000e+00 
-1.4705430388181198186892118e-01 0.0000000000000000000000000e+00 -1.8653904637212658309846876e-16 0.0000000000000000000000000e+00 3.2669305901197637394262063e-04 0.0000000000000000000000000e+00 -1.4871681968313764790646915e-15 0.0000000000000000000000000e+00 4.9096046864531599723341638e-16 0.0000000000000000000000000e+00 
-1.2744209659771989044674267e-03 0.0000000000000000000000000e+00 5.7365494256453164467757233e-01 0.0000000000000000000000000e+00 1.1101132061105251080945777e-01 0.0000000000000000000000000e+00 3.4352374076783702850496072e-04 0.0000000000000000000000000e+00 -1.5463029645622786145686689e-01 0.0000000000000000000000000e+00 
-2.9923412390287319750914463e-02 0.0000000000000000000000000e+00 -1.4957996200649035688174573e-16 0.0000000000000000000000000e+00 -2.8457337789993871618454691e-02 0.0000000000000000000000000e+00 -1.4705430388181306433637019e-01 0.0000000000000000000000000e+00 3.1353845873777767920914346e-17 0.0000000000000000000000000e+00 
3.2669305901295546271448367e-04 0.0000000000000000000000000e+00 
5 (band)
7.0559227403589497296110267e-01 (Ry)
0.0000000000000000000000000e+00 (Occupations)
-7.7845931465269380736875124e-15 0.0000000000000000000000000e+00 -1.7277878187363292536733018e-15 0.0000000000000000000000000e+00 6.4904885939344469925060821e-01 0.0000000000000000000000000e+00 2.7532038346377296633704646e-01 0.0000000000000000000000000e+00 7.8963374808451641806428256e-02 0.0000000000000000000000000e+00 
-7.1007611388456570722382821e-02 0.0000000000000000000000000e+00 -3.0120756724828286199358018e-02 0.0000000000000000000000000e+00 -8.6387959106183180579829894e-03 0.0000000000000000000000000e+00 -1.1991479993131110993327338e-17 0.0000000000000000000000000e+00 -2.4972047766839561289131666e-02 0.0000000000000000000000000e+00 
-8.7069654554656997214046044e-02 0.0000000000000000000000000e+00 -6.0876488090335054614356393e-17 0.0000000000000000000000000e+00 -2.0526071940444418073568045e-01 0.0000000000000000000000000e+00 7.7421885566525720410975698e-15 0.0000000000000000000000000e+00 1.9876786979326640009503264e-15 0.0000000000000000000000000e+00 
6.4904885939345047241033626e-01 0.0000000000000000000000000e+00 2.7532038346377368798201246e-01 0.0000000000000000000000000e+00 7.8963374808450545461191439e-02 0.0000000000000000000000000e+00 -7.1007611388455710299538737e-02 0.0000000000000000000000000e+00 -3.0120756724827592309967628e-02 0.0000000000000000000000000e+00 
-8.6387959106181202995067281e-03 0.0000000000000000000000000e+00 -1.1656068963619393018572190e-16 0.0000000000000000000000000e+00 2.4972047766839467614063963e-02 0.0000000000000000000000000e+00 8.7069654554656983336258236e-02 0.0000000000000000000000000e+00 1.8975397011255995143266381e-16 0.0000000000000000000000000e+00 
2.0526071940444368113531937e-01 0.0000000000000000000000000e+00 
6 (band)
7.0559227403589619420642975e-01 (Ry)
0.0000000000000000000000000e+00 (Occupations)
2.2492173259869040221761373e-15 0.0000000000000000000000000e+00 -1.0684898988690230887563576e-15 0.0000000000000000000000000e+00 1.1290313981172937773944653e-02 0.0000000000000000000000000e+00 1.7083999615192785315187507e-01 0.0000000000000000000000000e+00 -6.8846726466603935801202852e-01 0.0000000000000000000000000e+00 
-1.2351893328615727585262363e-03 0.0000000000000000000000000e+00 -1.8690334141714826793334581e-02 0.0000000000000000000000000e+00 7.5320086116111767404746047e-02 0.0000000000000000000000000e+00 1.8216804281133639791385961e-16 0.0000000000000000000000000e+00 2.1772673040951193157432897e-01 0.0000000000000000000000000e+00 
-5.4027890205321504879520944e-02 0.0000000000000000000000000e+00 -5.3401189824739386710413652e-16 0.0000000000000000000000000e+00 -3.5705447079032908222484544e-03 0.0000000000000000000000000e+00 -2.2347698555157661846196127e-15 0.0000000000000000000000000e+00 1.1383860745828464700965515e-15 0.0000000000000000000000000e+00 
1.1290313981169763229983616e-02 0.0000000000000000000000000e+00 1.7083999615193229404397357e-01 0.0000000000000000000000000e+00 -6.8846726466603447303072016e-01 0.0000000000000000000000000e+00 -1.2351893328636735086556442e-03 0.0000000000000000000000000e+00 -1.8690334141713678406393484e-02 0.0000000000000000000000000e+00 
7.5320086116108880824882021e-02 0.0000000000000000000000000e+00 4.0690042647322494400054919e-16 0.0000000000000000000000000e+00 -2.1772673040951259770814374e-01 0.0000000000000000000000000e+00 5.4027890205321095484780614e-02 0.0000000000000000000000000e+00 3.0800667274289551832965490e-17 0.0000000000000000000000000e+00 
3.5705447079025687436015790e-03 0.0000000000000000000000000e+00 
7 (band)
7.0559227403589930283089870e-01 (Ry)
0.0000000000000000000000000e+00 (Occupations)
1.7429758581922705381605747e-15 0.0000000000000000000000000e+00 -1.5607829213118413291507316e-15 0.0000000000000000000000000e+00 2.8619758371095133098194196e-01 0.0000000000000000000000000e+00 -6.3112069539500914583385338e-01 0.0000000000000000000000000e+00 -1.5191629574817167025457820e-01 0.0000000000000000000000000e+00 
-3.1310750354686375795942865e-02 0.0000000000000000000000000e+00 6.9046224223709914968871715e-02 0.0000000000000000000000000e+00 1.6620032738584158971129057e-02 0.0000000000000000000000000e+00 -2.0382741231700291748630788e-17 0.0000000000000000000000000e+00 4.8043298594913158572339285e-02 0.0000000000000000000000000e+00 
1.9959096467540970998300054e-01 0.0000000000000000000000000e+00 5.4443205268048221759991432e-18 0.0000000000000000000000000e+00 -9.0509552669457815632370057e-02 0.0000000000000000000000000e+00 -2.3101964224221558000057480e-15 0.0000000000000000000000000e+00 1.0886674967391663907943608e-15 0.0000000000000000000000000e+00 
2.8619758371094999871431241e-01 0.0000000000000000000000000e+00 -6.3112069539501425285976666e-01 0.0000000000000000000000000e+00 -1.5191629574817097636518781e-01 0.0000000000000000000000000e+00 -3.1310750354685730478809802e-02 0.0000000000000000000000000e+00 6.9046224223705029987563364e-02 0.0000000000000000000000000e+00 
1.6620032738582930786908065e-02 0.0000000000000000000000000e+00 1.5270474278885372708188827e-16 0.0000000000000000000000000e+00 -4.8043298594913179389020996e-02 0.0000000000000000000000000e+00 -1.9959096467541070918372270e-01 0.0000000000000000000000000e+00 2.6064566279515269931442527e-17 0.0000000000000000000000000e+00 
9.0509552669458370743882369e-02 0.0000000000000000000000000e+00 
8 (band)
8.2839353086870615161529940e-01 (Ry)
0.0000000000000000000000000e+00 (Occupations)
7.4107019888627367887323771e-01 0.0000000000000000000000000e+00 3.6218299959172084445668816e-01 0.0000000000000000000000000e+00 6.0383016227268476302448639e-15 0.0000000000000000000000000e+00 7.0920441022814455096286642e-16 0.0000000000000000000000000e+00 -2.5629681257305414588289481e-15 0.0000000000000000000000000e+00 
-2.0113294098883067562690181e-15 0.0000000000000000000000000e+00 -7.3007577110328458702567827e-16 0.0000000000000000000000000e+00 -2.9475098516275451537335358e-15 0.0000000000000000000000000e+00 -7.3142539933022888966516067e-17 0.0000000000000000000000000e+00 -2.0753054980266313274829550e-16 0.0000000000000000000000000e+00 
-1.3858474871322991977805913e-15 0.0000000000000000000000000e+00 -1.7078838248838328927709753e-17 0.0000000000000000000000000e+00 -7.4476448255616667786076402e-16 0.0000000000000000000000000e+00 -7.4107019888627023718186138e-01 0.0000000000000000000000000e+00 -3.6218299959171806889912659e-01 0.0000000000000000000000000e+00 
2.4755844807410838093761291e-15 0.0000000000000000000000000e+00 1.8557987165089627572714512e-16 0.0000000000000000000000000e+00 1.1551871796974746601003311e-15 0.0000000000000000000000000e+00 -8.2620750811888487246402467e-16 0.0000000000000000000000000e+00 -1.2802993145080726926750819e-15 0.0000000000000000000000000e+00 
1.0019166515207969469456549e-15 0.0000000000000000000000000e+00 2.1310299430626285638355417e-16 0.0000000000000000000000000e+00 1.0244371673809579851243442e-15 0.0000000000000000000000000e+00 1.2999496613840024347454158e-15 0.0000000000000000000000000e+00 -4.3345538518753967673594354e-17 0.0000000000000000000000000e+00 
2.8760343833809331167413401e-15 0.0000000000000000000000000e+00 
9 (band)
1.1729610546292239536825264e+00 (Ry)
0.0000000000000000000000000e+00 (Occupations)
7.8521407565670056202086301e-15 0.0000000000000000000000000e+00 8.0684523615763065520678789e-15 0.0000000000000000000000000e+00 -7.5059835545500541440211871e-16 0.0000000000000000000000000e+00 -8.4417146434657004614014839e-16 0.0000000000000000000000000e+00 2.2577978021686336786417967e-16 0.0000000000000000000000000e+00 
4.1292637131282512816470760e-17 0.0000000000000000000000000e+00 -4.8043588030587324818072804e-16 0.0000000000000000000000000e+00 2.0659994400409703267658497e-16 0.0000000000000000000000000e+00 2.9012118946922405005039991e-01 0.0000000000000000000000000e+00 6.7859994762004839117260088e-17 0.0000000000000000000000000e+00 
-5.7651956277952085948264368e-16 0.0000000000000000000000000e+00 -4.9243298032303528533049075e-01 0.0000000000000000000000000e+00 1.2193144758890332927161314e-15 0.0000000000000000000000000e+00 9.3169116776466187323329214e-15 0.0000000000000000000000000e+00 6.9424215467973085686518302e-15 0.0000000000000000000000000e+00 
-7.1582070712072783970195684e-17 0.0000000000000000000000000e+00 -8.2707302351683696899499244e-16 0.0000000000000000000000000e+00 -2.8864161003351889558132594e-16 0.0000000000000000000000000e+00 -5.7202368349581176159567258e-16 0.0000000000000000000000000e+00 4.4961812186339767057661234e-16 0.0000000000000000000000000e+00 
-4.7095811056334382462810325e-16 0.0000000000000000000000000e+00 -2.9012118946922388351694622e-01 0.0000000000000000000000000e+00 3.8104247296596660148321133e-16 0.0000000000000000000000000e+00 2.1153394009251747224861903e-16 0.0000000000000000000000000e+00 4.9243298032303473021897844e-01 0.0000000000000000000000000e+00 
9.5325405063814303290555663e-16 0.0000000000000000000000000e+00 
10 (band)
1.1729610546292259520839707e+00 (Ry)
0.0000000000000000000000000e+00 (Occupations)
2.8016743095366459213175635e-16 0.0000000000000000000000000e+00 -8.6087859104159947102557332e-16 0.0000000000000000000000000e+00 5.7809261510886853873144455e-16 0.0000000000000000000000000e+00 2.3807500449769787448699625e-16 0.0000000000000000000000000e+00 1.2244243484812265387979455e-17 0.0000000000000000000000000e+00 
-1.0544129774943919540732266e-15 0.0000000000000000000000000e+00 -4.1396635482448566197865229e-16 0.0000000000000000000000000e+00 1.8813769110079384541063144e-16 0.0000000000000000000000000e+00 -4.9243298032303517430818829e-01 0.0000000000000000000000000e+00 1.6462403124981734389261491e-16 0.0000000000000000000000000e+00 
5.8727220521276798676909939e-17 0.0000000000000000000000000e+00 -2.9012118946922416107270237e-01 0.0000000000000000000000000e+00 -6.9458617539059955708830126e-16 0.0000000000000000000000000e+00 -1.2402188909772900630405161e-15 0.0000000000000000000000000e+00 2.0590260348213318562753786e-17 0.0000000000000000000000000e+00 
7.5804801773244794709769486e-16 0.0000000000000000000000000e+00 9.9669954702835144116973885e-17 0.0000000000000000000000000e+00 1.1286785219818042735481758e-15 0.0000000000000000000000000e+00 9.8540274627075423699986264e-16 0.0000000000000000000000000e+00 -1.2860889339309791415216461e-16 0.0000000000000000000000000e+00 
-1.9523044909512392172502998e-17 0.0000000000000000000000000e+00 4.9243298032303528533049075e-01 0.0000000000000000000000000e+00 -1.3595680970375517113462557e-16 0.0000000000000000000000000e+00 -2.9032515128408841677903413e-16 0.0000000000000000000000000e+00 2.9012118946922449413960976e-01 0.0000000000000000000000000e+00 
-1.5441568090718312014749782e-15 0.0000000000000000000000000e+00 
11 (band)
1.1797873738311763780473029e+00 (Ry)
0.0000000000000000000000000e+00 (Occupations)
-6.2399473729923515818995838e-01 0.0000000000000000000000000e+00 -5.4455791727621283282445575e-01 0.0000000000000000000000000e+00 -1.0828431423294465822927398e-16 0.0000000000000000000000000e+00 2.0115385774917191826135176e-16 0.0000000000000000000000000e+00 -3.0161511276850996112847052e-16 0.0000000000000000000000000e+00 
1.1703484958473056875847356e-16 0.0000000000000000000000000e+00 -6.3453760356542845383507880e-17 0.0000000000000000000000000e+00 -3.8226420667586094417243695e-16 0.0000000000000000000000000e+00 4.3986111441026017825138364e-15 0.0000000000000000000000000e+00 -1.8649885721774678285749602e-16 0.0000000000000000000000000e+00 
4.1106700416620995459166990e-16 0.0000000000000000000000000e+00 -6.6472682884542609272129634e-15 0.0000000000000000000000000e+00 2.1948514160330450085730142e-17 0.0000000000000000000000000e+00 -6.2399473729925480913749425e-01 0.0000000000000000000000000e+00 -5.4455791727620650455321538e-01 0.0000000000000000000000000e+00 
-8.0845576794407903995435751e-17 0.0000000000000000000000000e+00 1.0309829457953852815024986e-15 0.0000000000000000000000000e+00 5.3093977182197459114228682e-16 0.0000000000000000000000000e+00 -2.0939279594844943965865995e-16 0.0000000000000000000000000e+00 5.4212972544972816817744299e-16 0.0000000000000000000000000e+00 
6.2702950469991143965187644e-16 0.0000000000000000000000000e+00 -4.3602182477617996622399899e-15 0.0000000000000000000000000e+00 -1.6040442784690899817747796e-16 0.0000000000000000000000000e+00 6.3550162021669701064927359e-16 0.0000000000000000000000000e+00 6.4814820386373463109709937e-15 0.0000000000000000000000000e+00 
3.2394103353153385230668022e-16 0.0000000000000000000000000e+00 
12 (band)
1.7832061543581392282220577e+00 (Ry)
0.0000000000000000000000000e+00 (Occupations)
-6.7491675768571572666261006e-16 0.0000000000000000000000000e+00 8.1059215745319888386163743e-16 0.0000000000000000000000000e+00 -2.3502696823687141414183088e-01 0.0000000000000000000000000e+00 -1.4023178961328722214041420e-01 0.0000000000000000000000000e+00 4.5130220253859615331393229e-01 0.0000000000000000000000000e+00 
1.0315251596678509660165446e-01 0.0000000000000000000000000e+00 6.1547242963864962073117226e-02 0.0000000000000000000000000e+00 -1.9807496136481192450240485e-01 0.0000000000000000000000000e+00 -1.1602341655922362998060010e-15 0.0000000000000000000000000e+00 -6.1921284400345222298511771e-01 0.0000000000000000000000000e+00 
1.9240616327085302561528124e-01 0.0000000000000000000000000e+00 5.5849406841077944350529159e-16 0.0000000000000000000000000e+00 3.2247065624949222684136885e-01 0.0000000000000000000000000e+00 1.4675555884398166706087928e-15 0.0000000000000000000000000e+00 -1.8928815563918944031427350e-16 0.0000000000000000000000000e+00 
2.3502696823687374561018260e-01 0.0000000000000000000000000e+00 1.4023178961328805480768267e-01 0.0000000000000000000000000e+00 -4.5130220253860109380639187e-01 0.0000000000000000000000000e+00 -1.0315251596678391698969079e-01 0.0000000000000000000000000e+00 -6.1547242963863817155623082e-02 0.0000000000000000000000000e+00 
1.9807496136481192450240485e-01 0.0000000000000000000000000e+00 -6.6526369228881198862796855e-17 0.0000000000000000000000000e+00 -6.1921284400344944742755615e-01 0.0000000000000000000000000e+00 1.9240616327085285908182755e-01 0.0000000000000000000000000e+00 8.7208268970769348010593612e-16 0.0000000000000000000000000e+00 
3.2247065624949167172985653e-01 0.0000000000000000000000000e+00 
13 (band)
1.7832061543581418927573168e+00 (Ry)
0.0000000000000000000000000e+00 (Occupations)
1.7805601229807928373979371e-15 0.0000000000000000000000000e+00 -5.7282044135403697478208172e-16 0.0000000000000000000000000e+00 -4.8310895505946860328805315e-02 0.0000000000000000000000000e+00 -4.9426160955310610711777031e-01 0.0000000000000000000000000e+00 -1.7873955166759139534526923e-01 0.0000000000000000000000000e+00 
2.1203483402057091145032075e-02 0.0000000000000000000000000e+00 2.1692969514805521269451560e-01 0.0000000000000000000000000e+00 7.8448165313120404862345936e-02 0.0000000000000000000000000e+00 -9.3714329858434160276297703e-17 0.0000000000000000000000000e+00 2.4524105023513084744557489e-01 0.0000000000000000000000000e+00 
6.7815564650812865110651728e-01 0.0000000000000000000000000e+00 1.7453175202424617551818717e-16 0.0000000000000000000000000e+00 6.6285355653746574899898292e-02 0.0000000000000000000000000e+00 -9.6431777147581662657158034e-16 0.0000000000000000000000000e+00 1.1776709096261796216843498e-15 0.0000000000000000000000000e+00 
4.8310895505944362326999908e-02 0.0000000000000000000000000e+00 4.9426160955310977085375157e-01 0.0000000000000000000000000e+00 1.7873955166759669666021182e-01 0.0000000000000000000000000e+00 -2.1203483402059779966419839e-02 0.0000000000000000000000000e+00 -2.1692969514805274244828581e-01 0.0000000000000000000000000e+00 
-7.8448165313118489727628457e-02 0.0000000000000000000000000e+00 1.1361651567643569973226557e-16 0.0000000000000000000000000e+00 2.4524105023512882128855495e-01 0.0000000000000000000000000e+00 6.7815564650812731883888773e-01 0.0000000000000000000000000e+00 4.0611812422985962462373731e-16 0.0000000000000000000000000e+00 
6.6285355653746311221929943e-02 0.0000000000000000000000000e+00 
14 (band)
1.7832061543581432250249463e+00 (Ry)
0.0000000000000000000000000e+00 (Occupations)
3.9712151685997828887990447e-15 0.0000000000000000000000000e+00 -2.7083906827003068633171172e-15 0.0000000000000000000000000e+00 -4.7011135937110215543555114e-01 0.0000000000000000000000000e+00 1.2090002124389435944618043e-01 0.0000000000000000000000000e+00 -2.0725540592811275697471274e-01 0.0000000000000000000000000e+00 
2.0633023464278044123432210e-01 0.0000000000000000000000000e+00 -5.3062597306602066193903511e-02 0.0000000000000000000000000e+00 9.0963674209743147769380300e-02 0.0000000000000000000000000e+00 -5.4467496174702402230964668e-17 0.0000000000000000000000000e+00 2.8436645914411134983268425e-01 0.0000000000000000000000000e+00 
-1.6588185382965658920539909e-01 0.0000000000000000000000000e+00 9.1570554517523347638335370e-16 0.0000000000000000000000000e+00 6.4502010005061705122386684e-01 0.0000000000000000000000000e+00 -4.0219843359773591573031023e-15 0.0000000000000000000000000e+00 2.6502380978649872015999620e-15 0.0000000000000000000000000e+00 
4.7011135937110459792620532e-01 0.0000000000000000000000000e+00 -1.2090002124389181981101160e-01 0.0000000000000000000000000e+00 2.0725540592812013995782650e-01 0.0000000000000000000000000e+00 -2.0633023464277674974276522e-01 0.0000000000000000000000000e+00 5.3062597306608380587356066e-02 0.0000000000000000000000000e+00 
-9.0963674209741940401841021e-02 0.0000000000000000000000000e+00 2.6829250625349600423942852e-15 0.0000000000000000000000000e+00 2.8436645914410690894058575e-01 0.0000000000000000000000000e+00 -1.6588185382965417447032053e-01 0.0000000000000000000000000e+00 -4.3034156300574424560367281e-17 0.0000000000000000000000000e+00 
6.4502010005061738429077423e-01 0.0000000000000000000000000e+00 
