5 (index of k points)
0.7500000000000011102230246 0.2500000000000012767564783 0.2500000000000012767564783
14 (number of bands)
26 (number of orbitals)
1 (band)
-1.4940338642010633773971051e-01 (Ry)
7.5000000000000000000000000e-01 (Occupations)
-3.5688190217202392373607722e-01 2.2230893853467152687652941e-02 -1.4447616953416589358205613e-01 2.9544473638027368700420539e-03 6.5747964473587411360355759e-02 -1.8395021938834549279917496e-02 -5.5085973449677298752202859e-02 2.1791590003261371299991822e-01 -6.5747964473589437517375700e-02 1.8395021938834042740662511e-02 
-8.1452386449572394822027377e-03 -2.3371744137566305421493951e-03 5.6039211091764226657652159e-03 1.5036115619518237995766441e-03 8.1452386449569480486587736e-03 2.3371744137566721755128185e-03 -5.4648410795545068752154805e-03 -1.8922298358128681813883354e-03 -2.4743271668595925860678619e-02 5.2150797086752713124790937e-03 
-1.8498525193357449880604548e-02 2.6108945449780599640243750e-02 9.4653824050775648563105236e-03 3.2774382152253728195390181e-03 2.4743271668595856471739580e-02 -5.2150797086753016701399233e-03 2.3551054384955655285338594e-01 -2.6906075238715698727531844e-01 9.0553936277542518284988660e-02 -1.1261472793169605144392165e-01 
5.4712373685504335496521122e-02 -4.0837823524873959057934769e-02 -2.0621397819733131018260508e-01 -8.9429296955510259592436739e-02 -5.4712373685503717934963674e-02 4.0837823524873417824210264e-02 -3.1223760242917626694936217e-03 7.8776941287756162279887207e-03 2.2308447805833627602956071e-03 -5.3561283677708996023292265e-03 
3.1223760242929049849025525e-03 -7.8776941287753299986151845e-03 1.8381571467474748342307844e-03 -5.4832654577533068013250883e-03 1.9237836856534913654304120e-02 -1.6411343099062922906705708e-02 3.1971929831095764751314192e-02 1.2915764415837600181946598e-03 -3.1837815704624039883641196e-03 9.4972943642158223070959266e-03 
-1.9237836856534643037441867e-02 1.6411343099062912498364852e-02 
2 (band)
4.9533156406205113009288965e-02 (Ry)
7.5000000000000000000000000e-01 (Occupations)
1.9073836723697396022814132e-01 3.5594847752920322214720272e-02 1.7579875644492637398741408e-01 9.6567295022631505219123937e-04 1.5715473972308752204085636e-01 -1.1728044534094325679340898e-01 -1.1630715742162450743180102e-01 2.2286060812999475277962347e-01 -1.5715473972309010330938861e-01 1.1728044534094266004853324e-01 
-2.5450611866568544072730873e-02 -7.8120111158537404449919705e-03 2.8117849765428165609293387e-03 -2.4267951622938918609939662e-02 2.5450611866568551011624777e-02 7.8120111158540145313011749e-03 2.8951110301155668497186113e-03 -5.3991552972066439441967134e-03 -9.9406091552088210461235462e-03 9.5125647478515491795025838e-03 
7.2637858781523616247266517e-03 4.3086758456871841749258323e-02 -5.0144793977132968293419779e-03 9.3516112927162203111164374e-03 9.9406091552087915558244546e-03 -9.5125647478516619365285223e-03 4.3513834848780810760082716e-02 -1.8908903749169991836964755e-01 6.9299205084124043674265181e-02 -1.6156656667311317110424795e-01 
-1.7026982624519940157092890e-01 9.7265108580781772795731399e-02 2.5076328416633186790818399e-01 -1.7662979298105483533243287e-02 1.7026982624519745868063580e-01 -9.7265108580783452008056145e-02 2.9982720128294598933849091e-03 -2.6453195024306250249246375e-02 -2.3372620399759846954168552e-02 -7.1105714521591967952618418e-03 
-2.9982720128289975895785613e-03 2.6453195024306333515973222e-02 6.1060364578663494511401311e-03 -4.9886328313210131189803231e-04 -1.2690206745261493892495963e-02 5.3163193302514337446051940e-03 -3.6604142333069106252096958e-02 -2.3861435490449122570622009e-02 -1.0575965377892425356431971e-02 8.6405655241540767035057780e-04 
1.2690206745262107984606459e-02 -5.3163193302516158905701715e-03 
3 (band)
2.3286013960170473535704616e-01 (Ry)
7.5000000000000000000000000e-01 (Occupations)
-1.3395349196504097166737779e-01 3.3685247047437805179015413e-02 -9.1266984357991853826774786e-02 -1.2769994051140987068038157e-02 2.0420570004835014721322750e-01 -1.4162127400528712328764414e-01 3.8666520117076275120382434e-02 -3.4023916982814200737905708e-01 -2.0420570004834934230153465e-01 1.4162127400528912168908846e-01 
-1.6652519534085100105791355e-02 2.5729206317256878011612287e-02 -1.1715031530298292139491423e-03 3.8126531162611713987597994e-02 1.6652519534084572749854658e-02 -2.5729206317257252711883098e-02 -1.6172354991323346223852653e-02 -2.1529881323187279734687749e-02 1.3631022004544319364827132e-02 2.4330056386000734058860928e-02 
2.5899619165602599801800920e-02 -1.4921338028190969660080611e-02 2.8011340523012170922179109e-02 3.7290848332688322774863821e-02 -1.3631022004544253445335045e-02 -2.4330056386000678547709697e-02 -1.3783130816487351721910670e-01 8.9868997900353631003156352e-03 -8.2962063606968006190811593e-02 4.0125193880417589498144082e-02 
-2.3778127076074551116136035e-01 -7.2226175715761703477468814e-02 -1.4107559486066448273255958e-01 -3.1201837926317771421125258e-01 2.3778127076074501156099927e-01 7.2226175715761259388258964e-02 2.3736223994268244863459216e-02 1.9387886296418757603454708e-02 1.2799376902338966896510719e-02 3.5933003618441719528853184e-02 
-2.3736223994269001202894742e-02 -1.9387886296419080262021239e-02 -8.7961612448420271187510266e-03 2.5450115974404680790899036e-02 5.5189673186328966000835372e-03 -2.7336740924444470623999592e-02 2.9226211844055501043460055e-02 6.2661904472465302165518075e-03 1.5235398187634365332887576e-02 -4.4080893926188857712133995e-02 
-5.5189673186323484274651285e-03 2.7336740924444283273864187e-02 
4 (band)
3.3092608639021131589075253e-01 (Ry)
7.5000000000000000000000000e-01 (Occupations)
-1.8873791418627661187201738e-15 -5.1347814888913489994592965e-16 1.3183898417423733917530626e-16 -2.8102520310824274929473177e-16 3.8071570310173413753673799e-01 1.8660483195867155759017919e-01 -2.5032059758345326372364070e-15 2.5101448697384398656140547e-15 3.8071570310173508122630892e-01 1.8660483195867499928155553e-01 
-4.9883960901955640143690118e-02 -2.4123893487995609619112258e-02 9.2113816574368456713273190e-16 -3.0704605524789485571091063e-16 -4.9883960901954751965270418e-02 -2.4123893487996497797531958e-02 -3.0080418542439593503068362e-03 3.6813432556827258013143478e-02 1.0841579238357065481657138e-02 3.4582078044548519857315227e-02 
1.1078377798456884306688153e-15 -2.2898349882893853646237403e-16 -1.7366937742829061108729150e-03 2.1254245196478494667191583e-02 1.0841579238356843437052213e-02 3.4582078044547513717699161e-02 2.1684043449710088680149056e-17 -4.0245584642661924590356648e-16 1.2826111700503517454308167e-15 -9.5062846483529028773773462e-16 
3.2920259207132979151211316e-01 2.6719180988962343281656331e-01 2.6922908347160046105273068e-15 5.2735593669694935670122504e-16 3.2920259207133062417938163e-01 2.6719180988962554224031010e-01 -4.2838176778498777974579781e-02 -3.5146299984237398816855347e-02 -4.8789097761847699530335376e-16 -4.2197148553135832571570063e-16 
-4.2838176778497730201600291e-02 -3.5146299984237544533627329e-02 -3.2148857848237150092174375e-02 1.8185930591170084563712450e-02 -3.5938345659139482590749282e-02 4.6792385646546611963070283e-03 2.3107058801097313249783838e-16 -1.7737547541862852540361928e-16 -1.8561151732817294385258222e-02 1.0499651922274158555303814e-02 
-3.5938345659139066257115047e-02 4.6792385646539013874245505e-03 
5 (band)
6.4313120891852570970570468e-01 (Ry)
0.0000000000000000000000000e+00 (Occupations)
3.6637165007597838339847840e-01 -1.3128860169728795437293911e-01 1.3083879712750734469750569e-01 -2.6841551704607335970820259e-02 1.1152902860533064899328792e-01 3.2888885905056432223947382e-02 4.2941181047597687392425314e-01 1.5133419329972641609316497e-02 -1.1152902860533100981577093e-01 -3.2888885905056286507175400e-02 
-5.3289574756481550288356175e-03 -1.3648266557586077180053152e-02 4.2410739542120171052808075e-02 -3.7005559461013026734121922e-03 5.3289574756471835836890705e-03 1.3648266557585345126746290e-02 -8.1299204622207743575756922e-02 1.6234464447608641657350148e-03 -6.4867263308286265965918460e-03 2.5421299209911776828541008e-02 
-1.8698312596956259690195168e-01 -1.2176396091343518607308383e-02 1.4081435302060277270363997e-01 -2.8118917256925307635029299e-03 6.4867263308289006829010503e-03 -2.5421299209910860894545692e-02 3.4068207422982993426430198e-01 1.8815049086701224334561289e-01 1.2486776705358414163438141e-01 4.7405700951827639544333692e-02 
-1.1535158075478141315173275e-01 1.4642945574487913062977640e-02 -4.2631148950153086030212535e-01 -5.3684609301490382460286810e-02 1.1535158075478668671109972e-01 -1.4642945574487059579027459e-02 7.4415752704851800131136130e-03 -1.2621248959505712572415348e-02 -4.1274300919860389125215505e-02 -1.0430581306739995783861019e-02 
-7.4415752704852806270752197e-03 1.2621248959504657860541954e-02 -7.9994913768030834200217782e-02 -1.4594862856769813194701690e-02 -2.3408269879293900489480862e-03 -2.6131218896628408132620791e-02 -1.8652592215181632018250468e-01 -1.7861533655811522025569360e-02 1.3855525499331944327963129e-01 2.5279043997424810452656629e-02 
2.3408269879291901220674799e-03 2.6131218896628279763083569e-02 
6 (band)
8.9022081097448058084609102e-01 (Ry)
0.0000000000000000000000000e+00 (Occupations)
3.1534739019388535741228452e-01 9.5456376649954099988804046e-02 7.3594413547859227620051570e-02 -8.6080858966867679349377340e-03 -7.5840499610502265515066256e-02 2.6317563356623036030512708e-01 -2.9705561322207829633157417e-01 -2.0299607788156204257745685e-01 7.5840499610498712801387455e-02 -2.6317563356623074888318570e-01 
3.4008156276353507241339003e-02 -1.1832925657019821574778007e-01 -5.0031514677573260541088018e-02 -5.1078840293566463159891100e-02 -3.4008156276352841107524227e-02 1.1832925657019727205820914e-01 -1.0634540463105858487669053e-01 -3.1629364868377904396190559e-03 6.7475612453645472665897387e-03 -3.9512068664373886650587053e-02 
1.9715746551716772927420607e-01 1.3955670353776844505588883e-01 1.8419564397246546150199720e-01 5.4783666963179322717536479e-03 -6.7475612453637007215334620e-03 3.9512068664375579740699607e-02 -1.9593069183471756300463085e-01 -2.6489065733318650774918979e-01 -1.6638420151917215905612579e-02 -7.2203876787231641154463091e-02 
2.2235213730375114060677788e-01 -1.5991473515788010018034981e-01 -2.9105866490945964120129474e-01 -2.1150484288347340400271435e-01 -2.2235213730374664420352815e-01 1.5991473515788218184852099e-01 -1.0000486442286349308972149e-01 7.1815003624155521189109663e-02 -6.4927408786975504551008953e-02 -2.9943813632809731378747742e-02 
1.0000486442286346533414587e-01 -7.1815003624157269790373448e-02 3.8736256183824931131898239e-02 9.9090119135183271636968527e-02 3.4942751261309884514005830e-02 -1.9640195701378499598677152e-02 -1.9772328479880973972626634e-01 -1.3875389133228474558556798e-01 -6.7093163805385866438335540e-02 -1.7162912087018994400366978e-01 
-3.4942751261308094279378622e-02 1.9640195701376823855799358e-02 
7 (band)
9.7681669567773643514385640e-01 (Ry)
0.0000000000000000000000000e+00 (Occupations)
-4.3510984351252418589339754e-01 2.6654447727924024391654712e-03 -1.3216470160365412223058001e-01 -3.6844669382474160013174469e-02 3.0552604651913140010321968e-01 2.6712516756979154397555476e-01 1.4386480064461748540338704e-01 3.0359853550979420955258092e-01 -3.0552604651913406463847878e-01 -2.6712516756979043375253013e-01 
2.7181583860846625366747276e-02 -8.2637345665668118788182994e-02 -2.4247593060812755449973110e-02 -1.1173765281824782347186442e-01 -2.7181583860845182076815263e-02 8.2637345665666717131614405e-02 -3.4888235813915736971413395e-02 2.7886951123808435826223473e-02 1.7749903201693173482311749e-01 -1.8536331233822686548329273e-02 
-6.3149156846641074647408232e-03 6.6349478194328737057361423e-02 6.0428197016148890718945097e-02 -4.8301616214624816525446960e-02 -1.7749903201693151277851257e-01 1.8536331233824761277606541e-02 -3.0649688775885047808955619e-01 3.0884840668437907318377711e-01 -6.6209349939477302182666563e-02 1.2017220973451735177572886e-01 
-2.3124337227529927207836380e-02 4.0517562275954377426501196e-01 1.1609052981957281025504614e-01 3.1526519077503134536044627e-01 2.3124337227534111360860436e-02 -4.0517562275954366324270950e-01 -7.8039925634348292216024845e-02 -3.8438774783237233956256773e-02 -6.2818229585993395902576708e-02 -9.5535955839968045300025778e-02 
7.8039925634348861205324965e-02 3.8438774783236456800139536e-02 -4.4337319548263295909684700e-02 5.3919510814040717133766023e-03 1.3749298512236904357131095e-01 -1.1377689125959848659430662e-01 -5.1801207098499071901365198e-02 -4.1937648478455144540610888e-02 7.6794490129009712608976201e-02 -9.3391332249162378742468604e-03 
-1.3749298512236668434738363e-01 1.1377689125959744576022104e-01 
8 (band)
9.8967812341342509263597549e-01 (Ry)
0.0000000000000000000000000e+00 (Occupations)
1.9151347174783950322307646e-15 2.9299479509248271824617404e-15 -1.7763568394002504646778107e-15 -1.3079815008865125491865911e-15 -4.3489115973437109108346021e-01 -1.9693607612846686372165550e-01 2.6541269182445148544502445e-15 -6.5225602696727946749888361e-16 -4.3489115973436975881583066e-01 -1.9693607612846064647271760e-01 
1.0054603218022134525355682e-01 -2.5096809090974003808582893e-02 3.8597597340483957850665320e-16 -6.6613381477509392425417900e-16 1.0054603218022173383161544e-01 -2.5096809090974947498153824e-02 9.5962758588541405280203378e-02 1.9596378720205542833809886e-01 8.3790684077964056042375773e-02 1.6300509457831341419975502e-01 
-5.1391182975812910171953263e-16 -6.7133798520302434553741477e-16 5.5404124503271756640998547e-02 1.1313974529252428247172446e-01 8.3790684077964833198493011e-02 1.6300509457831374726666240e-01 7.0742023350334193310118280e-15 2.9837243786801082023885101e-16 -2.0938112355040061629551928e-15 -1.5612511283791263849707320e-16 
3.5788435205554103291092360e-01 3.1596349385611810500762431e-01 1.1934897514720432809554040e-15 -7.6327832942979512154124677e-16 3.5788435205554236517855315e-01 3.1596349385611927074180016e-01 -1.8319371722325738377490367e-02 -1.0199879917643196736154465e-01 5.0914134019919288220989984e-16 7.7021722333370234991889447e-16 
-1.8319371722329395174577726e-02 -1.0199879917643328575138639e-01 2.1807947189397453024994888e-01 7.2111628008957777760667973e-03 1.8302744281732463704770453e-01 9.6174202616157791756457129e-03 1.3134025117489400713566283e-15 1.1293049828609014184621628e-15 1.2590824180271617538373619e-01 4.1633667842681208737243281e-03 
1.8302744281732707953835870e-01 9.6174202616146342581515682e-03 
9 (band)
1.3623759542295721391980123e+00 (Ry)
0.0000000000000000000000000e+00 (Occupations)
-2.7372659348394956513317311e-01 5.1113461271863780410740219e-02 3.4800562486148767238347546e-02 1.1550184909048508141715672e-02 -3.7814255054386647358910523e-01 2.9256319007218206662557236e-01 1.3997596909012943733330303e-01 -5.0853679925040395914948022e-01 3.7814255054386780585673478e-01 -2.9256319007218367644895807e-01 
4.3390282896021148406617840e-03 -1.2454055649669802663392915e-01 -1.8929154268402290095529850e-02 2.6108120038424897924045354e-01 -4.3390282896009213509103120e-03 1.2454055649669745764462903e-01 -3.4616619100750652127107543e-02 2.2573234278156790316716140e-03 -2.3281630789773483103388685e-01 9.3923360110170009407148939e-03 
2.9450182553538421792449498e-02 -5.3990098911105795231879512e-02 5.9957743068757708704286102e-02 -3.9097988660958607476381133e-03 2.3281630789773616330151640e-01 -9.3923360110148047807943072e-03 1.1477439618927165465578355e-01 -2.5370390592756886238845482e-01 2.9382443818150444370118635e-03 3.6549317924392837886315988e-02 
-3.7413411191679762923811836e-01 2.9767209311129927407080231e-01 5.2723733721617482839150171e-01 -1.4957886206600629064311647e-02 3.7413411191679835088308437e-01 -2.9767209311129760873626537e-01 1.2199632079674502249666546e-01 2.5418007220537365553614251e-02 -2.5808718655895807048139545e-01 -4.3734542520542152299611871e-02 
-1.2199632079674367635124810e-01 -2.5418007220537996992959506e-02 1.0428964459107039480789680e-02 -3.3085382381570833942863175e-02 6.4517500542152356191039075e-02 -2.2389538030667149870467370e-01 -5.9446773439339455069596596e-02 1.5758336223085325777937271e-02 -1.8063496313502368229020334e-02 5.7305563272724867329710463e-02 
-6.4517500542153743969819857e-02 2.2389538030667169299370300e-01 
10 (band)
1.4461187653755789295217937e+00 (Ry)
0.0000000000000000000000000e+00 (Occupations)
4.4408920985006261616945267e-16 -1.1102230246251565404236317e-16 -1.7486012637846215511672199e-15 5.1347814888913489994592965e-16 -3.0223468900894562283454547e-01 -1.8240669716478788431324176e-01 -6.8001160258290838100947440e-16 -1.5543122344752191565930843e-15 -3.0223468900894606692375532e-01 -1.8240669716478580264507059e-01 
-3.7653577917848762846020350e-02 1.2572090034738370167843868e-01 -2.4286128663675299321766943e-17 -4.5449755070592345873592421e-16 -3.7653577917849317957532662e-02 1.2572090034738483965703892e-01 -3.4628579962893735189055633e-01 -1.0317214570405014439913316e-01 3.0001462355303337714573786e-01 -1.4713305270581883421598945e-01 
1.0789980020575740127242170e-15 6.9041994343876922357594594e-16 -1.9992819963231164837047515e-01 -5.9566466095103701161583842e-02 3.0001462355302999096551275e-01 -1.4713305270581697459242321e-01 1.1934897514720432809554040e-15 -2.1649348980190552538260818e-15 1.8041124150158793781884015e-16 1.3461454173580023052636534e-15 
1.2777735744016202601436305e-01 3.2907591424549664793630654e-01 6.5919492087118669587653130e-17 2.3800406090401793335331604e-15 1.2777735744016058272443104e-01 3.2907591424549786918163363e-01 -1.3032023549577578802605160e-01 1.5497513816677771503194094e-02 -1.5612511283791263849707320e-16 -4.8225312632155237224651501e-16 
-1.3032023549577437249169520e-01 1.5497513816674544917528777e-02 -4.2153496537200074723017451e-02 -3.5886129549384271353318354e-01 -1.9648252309816105487527693e-01 2.7028046111619286051563904e-01 -4.3671663507716118601820199e-16 5.9240806704607962274167221e-16 -2.4337332573034040072990081e-02 -2.0718866555510523363992093e-01 
-1.9648252309816305327672126e-01 2.7028046111619180580376565e-01 
11 (band)
1.5541895115780566261065587e+00 (Ry)
0.0000000000000000000000000e+00 (Occupations)
4.4039413448611869350557413e-01 1.6063979455678445429356316e-01 7.4962072196140372426498288e-02 1.0536384602746096117442676e-01 3.7275838709104100465729914e-02 2.5045599431994391981248782e-01 4.1338911909215925177818463e-01 -3.8666761650553821416664846e-01 -3.7275838709105293955481386e-02 -2.5045599431994447492400013e-01 
4.6253647765344851894298017e-02 -9.5547282168116462464091398e-02 -3.1141297233821041423595943e-01 2.2896453599146401880481960e-01 -4.6253647765344525766284534e-02 9.5547282168114811007342269e-02 1.1797323669415431257601057e-01 4.6319013714278808868662907e-02 1.4257528929317050958580637e-01 2.0301173548657722167654072e-02 
8.7906178057799086444923375e-02 -2.3475579997418735689329594e-01 -2.0433563988762742935634265e-01 -8.0226885109608916946122292e-02 -1.4257528929317137000865046e-01 -2.0301173548654936201751653e-02 2.3957722067523479214656845e-01 -4.0293286366163688638764029e-01 -8.5575526270793011995863253e-03 -1.2902565872984572692416805e-01 
1.2950320378783991559501487e-01 2.1759276975796962294573689e-01 -5.6475547232726708291039586e-01 -3.8126970955730352108581371e-02 -1.2950320378783677921497031e-01 -2.1759276975796881803404403e-01 -9.6252116653402053358945523e-02 -4.4768438671162744113551923e-02 3.8603161805990671151533888e-01 -1.9554742144929124214591809e-02 
9.6252116653402219892399216e-02 4.4768438671164222097953456e-02 6.2099824539966527736645219e-02 -1.1048414999294685345798683e-01 9.7611084377690254809678549e-02 -1.0588638709058005582530626e-01 2.1654973619719886102075179e-01 1.2626952726280271654957232e-01 -1.0756005124433938580086334e-01 1.9136416121884539109920809e-01 
-9.7611084377689907864983354e-02 1.0588638709058093012593815e-01 
12 (band)
1.5961283765300444681400904e+00 (Ry)
0.0000000000000000000000000e+00 (Occupations)
-1.6653345369377348106354475e-16 1.2767564783189300214871764e-15 -2.7755575615628913510590792e-16 -1.6653345369377348106354475e-16 -2.6149108174349000588421177e-01 -2.5078358005380335660206015e-01 -3.3098523921637479361379519e-15 3.4694469519536141888238490e-16 -2.6149108174349250388601718e-01 -2.5078358005379941531032273e-01 
9.4634767056466229107059007e-02 1.5757053227602485501179785e-02 -1.7347234759768070944119245e-17 -5.3429483060085658507887274e-16 9.4634767056467866686020329e-02 1.5757053227604955747409576e-02 -2.1252445205292683216846683e-01 -4.9267254536561477795686415e-01 -1.0420936232661387466080782e-01 2.1924269827286196887783376e-01 
-6.9388939039072283776476979e-17 -6.5225602696727946749888361e-16 -1.2270104960213350231423846e-01 -2.8444462668917458447737090e-01 -1.0420936232661359710505167e-01 2.1924269827286479994654655e-01 9.7144514654701197287067771e-17 1.9845236565174673160072416e-15 -9.9920072216264088638126850e-16 -2.7235158572835871382267214e-15 
3.5122951871478735874632093e-01 8.8925896337127940949329741e-02 1.4866580189121236799110193e-15 1.2628786905111155647318810e-15 3.5122951871478402807724706e-01 8.8925896337129689550593525e-02 -6.3498435891461257885026725e-02 -7.1916427202601024282202502e-02 1.3704315460216776045854203e-16 1.9567680809018384024966508e-15 
-6.3498435891464893865432373e-02 -7.1916427202601301837958658e-02 -5.3044552219851992536092666e-01 8.0749165054319185785836055e-02 1.3074303542886422935254132e-01 -2.0453168612548019988928161e-01 1.0113437864944785360421520e-15 4.3107878378023656296136323e-16 -3.0625286503174431462781513e-01 4.6620552180948543474769963e-02 
1.3074303542886414608581447e-01 -2.0453168612548233706860401e-01 
13 (band)
2.0047918518945482269089098e+00 (Ry)
0.0000000000000000000000000e+00 (Occupations)
-4.8721902880604706087552813e-01 -3.2211156088370285210942257e-01 -5.3722406069149775120763479e-01 -2.6858631231638230296709935e-02 -1.9838234964717083030905087e-01 -2.4654049314022513650357382e-03 -1.1248937432958278082040238e-01 -2.1025855429034123744713725e-01 1.9838234964716888741875778e-01 2.4654049314057346897754996e-03 
-7.4606716332243000477930650e-02 -3.2397933008241913688252112e-01 -4.9799675399014975418765516e-02 -4.1666376833108520472137570e-01 7.4606716332245776035492213e-02 3.2397933008241608376920340e-01 2.8673711528515041790932116e-02 -2.5393759387738101818143832e-01 2.4478602979257632621390428e-01 -1.3395136479322702904859455e-01 
2.4301690236573067482872545e-01 -1.3748895703498506537520996e-02 -4.9664325208961412894126397e-02 4.3983281454740996707641898e-01 -2.4478602979257946259394885e-01 1.3395136479322383715739875e-01 3.3624052241453439293650263e-01 -4.7757779551823503760843437e-01 4.9045185256773787818573851e-01 -2.2088018872306580675513032e-01 
-1.8382789134753574344927074e-01 7.4625339099547383092669861e-02 -2.8086538322398456324346938e-02 2.3679878664047132597048062e-01 1.8382789134754018434136924e-01 -7.4625339099547632892850402e-02 4.8650751181856660698699102e-02 3.2887972399036102810754301e-01 1.0554269035491550821070916e-01 4.0613968535755251565433355e-01 
-4.8650751181855578231250092e-02 -3.2887972399035902970609868e-01 -1.1928488996229509588875572e-01 -2.2600353613104126604405053e-01 -2.7677455618358204336715289e-01 -3.5482581092452801507786120e-02 -2.3130172827140249580679665e-01 7.5800774845407301039124093e-02 2.0660748998996628089663830e-01 3.9144960726920097204839522e-01 
2.7677455618357948985419625e-01 3.5482581092454265614399844e-02 
14 (band)
2.0273521517211934295232822e+00 (Ry)
0.0000000000000000000000000e+00 (Occupations)
-8.6044785825537262180517928e-02 2.2606897837242073689978383e-01 -1.5596260659250460456348719e-02 1.5464648034401928811121252e-01 4.6681930328616422221088555e-02 7.4932231450863917565641259e-02 2.2196107239436257962950094e-01 -2.7127933644158863657480651e-01 -4.6681930328618004288898646e-02 -7.4932231450861253030382159e-02 
-8.9150141259432269524864978e-04 -1.3035705666454908135953872e-01 -3.3171383050465153008445895e-01 3.5580473734036066613128924e-01 8.9150141259458637321699825e-04 1.3035705666455227325073452e-01 6.4655449071089506063447772e-03 1.2173743705339239162821485e-02 3.6250982458356600934834546e-01 3.6674988636597943836292757e-01 
1.4148069158010731505292767e-01 -1.0181747846172886640125910e-02 -1.1198652277735220150756135e-02 -2.1085542615969114776941495e-02 -3.6250982458356972859547795e-01 -3.6674988636598315761006006e-01 1.4868130650298311268286966e-01 1.9080030725002683489321953e-01 6.0354253293367909893873957e-02 1.4323456754134111790222050e-01 
2.2599969317975698857026146e-02 -8.5342154391846059002801894e-02 2.9188224682408270282962803e-01 1.9407202278423119068406777e-01 -2.2599969317971452253956954e-02 8.5342154391843505489845256e-02 3.7456481890912385335212775e-02 1.2486300077031689537143677e-01 -4.2162862485617075281041366e-01 -2.4261158085266315564965112e-01 
-3.7456481890913134735754397e-02 -1.2486300077031918520642506e-01 -2.6024991882342973781305773e-03 1.3536258889520652246019061e-02 -2.3872439401042266915453638e-01 4.5708808316712629116196354e-01 -1.3822562728853163283027072e-01 3.1845408458354082514851768e-02 4.5076608206814777757287516e-03 -2.3445488141052270997244378e-02 
2.3872439401042300222144377e-01 -4.5708808316712951080873495e-01 
