8 (index of k points)
1.000000000000001110223025 0 -0.4999999999999986677323704
14 (number of bands)
26 (number of orbitals)
1 (band)
-2.9398774411794365013506081e-02 (Ry)
1.8750000000000000000000000e-01 (Occupations)
-4.6171205907035184345943435e-01 1.7486012637846215511672199e-15 -2.4722038937829471372253920e-01 -9.1593399531575414584949613e-16 2.2204460492503130808472633e-16 3.4000580129146720670967335e-16 9.8537172979290208189669520e-16 -1.2190082577399052033079797e-15 -8.7881584674143865846975736e-16 -1.3700921189431399280671324e-15 
3.8857805861880478914827108e-16 -9.5409791178716501583603636e-17 -5.3746837611438202229858103e-17 2.4950880335369502064877149e-17 -5.8639760028142461073159076e-17 3.0947517811000457485829931e-16 -2.9770758355085559510033733e-02 4.3368086899420177360298112e-18 -3.4654692376635993230175574e-16 -1.8140282099444846946360727e-16 
3.9736607590958763859699296e-16 -1.7801760397138323153851232e-16 -2.2009304101453767858088239e-17 -6.6786853825107073134859093e-17 1.3877787807814456755295396e-17 2.9490299091607298326813158e-17 -1.0425255837216375000983785e-15 3.0530570198819577126512877e-15 4.7212952234146866785459829e-17 1.9522086511717342207280057e-15 
8.0026175770229232566048255e-17 -1.7557109142025398393298001e-15 -2.0397996296042006370008437e-01 2.0397996296041603914162010e-01 -2.0397996296041503994089794e-01 -2.0397996296041737140924965e-01 -3.6551091009797744248125100e-17 -4.2642753110387821951446643e-16 2.8695067273350222114558505e-02 -2.8695067273350402525800007e-02 
2.8695067273350326197967064e-02 2.8695067273350513548102469e-02 9.6089244224629626787809066e-18 1.0548529560666539176251559e-16 3.7871191270429524489138373e-02 3.7871191270430058783968974e-02 3.7871191270430190622953148e-02 -3.7871191270429600816971316e-02 -1.4260316259097537152613239e-16 6.6000087376413226214976818e-17 
1.2805286511723000368998092e-17 2.2393067409577232778051664e-16 
2 (band)
-2.9398774411792678862287431e-02 (Ry)
1.8750000000000000000000000e-01 (Occupations)
2.8184758698755689770394137e-15 3.0023822019646960345234275e-17 1.7596462641084183498959618e-15 1.5481307038108320668412762e-16 -7.5116867417511278192109241e-16 6.5915306721373856090557782e-16 2.3570050371050380033643989e-01 -1.6631573325839740795650812e-01 -1.6631573325839635324463472e-01 -2.3570050371050502158176698e-01 
-2.7713286787287744661684241e-16 8.2541256420515786998688575e-17 -3.3157383265379009040785263e-02 2.3396617418707021940349478e-02 2.3396617418707021940349478e-02 3.3157383265378093106789947e-02 2.0270087236495693388800215e-16 -1.1458872120549218451125092e-16 -3.0878400280584125670024775e-02 -4.3760469062783940996652632e-02 
4.3760469062783829974350169e-02 -3.0878400280584167303388199e-02 2.8176354450535699160632486e-17 2.3936492538277364891839009e-17 -2.2888381694079029619622509e-16 1.4931663124871109366934606e-16 -7.8526794418001866215917062e-02 4.5498523937534046668318410e-01 -4.2046605262455565010792924e-02 2.4361856232695686119704703e-01 
1.0587091266223024701537589e-15 2.9170994398571708290399813e-16 1.2848725611236217648421573e-15 -2.1689313641072339593278920e-15 8.8463980783285694900325730e-16 2.0864278428976433428496885e-15 7.8652805842745059006380697e-16 6.7799640898681607168412571e-16 -1.7356446183188558562983472e-16 -2.6054263772018613634841458e-17 
-5.2429847145051792951086992e-16 -5.0927960396021075980533047e-16 -5.0633336840386787211509834e-03 2.9337019361908574927033655e-02 1.4227213616105342080404909e-16 1.2047136966826058292649789e-16 1.6946855458304547017135491e-17 4.5840364513731733663550740e-17 1.0347490483650649429680056e-16 4.1879786993887566518388920e-17 
-2.7818123162056582389470923e-16 1.6141612606017102654893294e-16 
3 (band)
1.9990711212678216601723591e-01 (Ry)
1.8750000000000000000000000e-01 (Occupations)
-6.1062266354383609723299742e-16 1.8318679906315082916989923e-15 6.9388939039072283776476979e-16 -4.4408920985006261616945267e-16 2.2345894716360056864168371e-01 -1.7097078218082795153520692e-01 -9.3612211204843517875495706e-02 -2.9137072234535199566352048e-01 2.9137072234535010828437862e-01 -9.3612211204845044432154566e-02 
-2.4486386003539847844301391e-02 1.8734790532874613655511808e-02 6.2005704977635698119109442e-03 1.9299455505147070089044803e-02 -1.9299455505148555012340239e-02 6.2005704977613042630513185e-03 3.2092384305570931246620603e-16 -1.9081958235744878038531169e-17 -1.0387149097890457927206853e-02 3.3372055618377319263778702e-03 
3.3372055618394041998087118e-03 1.0387149097889031984509600e-02 -2.7175316870249655032409919e-02 -3.5518160583956764897450853e-02 1.0304772211801531411889954e-02 -7.8842892066297298736543553e-03 5.5172146760531327769304619e-16 -1.9985361244302083684981909e-15 -8.5280456613804647690511724e-17 -2.2277641459737929539011673e-15 
1.6395718209552573307874468e-01 -3.1918078557392709493356620e-01 2.3787258059626484318904716e-01 3.1654549153701846964104050e-02 3.1654549153703422093020237e-02 -2.3787258059626534278940824e-01 -1.7966247938617181667542155e-02 3.4975479924525543218294388e-02 -1.5755911397546281532688894e-02 -2.0966950900558399377426877e-03 
-2.0966950900553889096389337e-03 1.5755911397545268454178924e-02 1.4829422490743286068255646e-16 -9.2430013192015038220195712e-16 1.1284610857248561239379869e-03 -8.4799802158043030564371634e-03 8.4799802158041798910703690e-03 1.1284610857253398949473500e-03 -5.0732873045483024843083086e-02 -2.6060525194806311022333034e-02 
-7.5608582042869122014083771e-03 1.4718968882079361618075986e-02 
4 (band)
1.9990711212678363706274354e-01 (Ry)
1.8750000000000000000000000e-01 (Occupations)
-1.8873791418627661187201738e-15 -3.1086244689504383131861687e-15 -9.0205620750793968909420073e-16 1.5265566588595902430824935e-15 1.4410160671235436313786238e-01 -3.2862297299977705211659895e-01 1.7468288813591875685560240e-01 1.6453347280764415994092076e-01 -1.6453347280764704652078478e-01 1.7468288813591911767808540e-01 
-1.5790495795658485156387485e-02 3.6010144452225778533005496e-02 -1.1570430275056615976314589e-02 -1.0898165786866753634853922e-02 1.0898165786866627000040175e-02 -1.1570430275057492011669957e-02 2.9577035265404560959723312e-16 -6.4184768611141862493241206e-17 5.8654956815493777821934884e-03 -6.2273147738132177825276514e-03 
-6.2273147738130946171608571e-03 -5.8654956815498851888102116e-03 -5.2233681733217601772523153e-02 -2.2904538272385088770732864e-02 6.6452216452902029830696051e-03 -1.5154393786024025758685241e-02 1.0837254848940551767150233e-15 -5.3397230118311608994241794e-16 -2.1768249200169230790735466e-16 6.3199018648953762021309577e-16 
8.4146544568095005267593933e-03 2.8123673838487484033521469e-01 2.8509061899139143125836426e-01 -1.1128109852898310228042078e-01 -1.1128109852898501741513826e-01 -2.8509061899139137574721303e-01 -9.2206859349863810187963864e-04 -3.0817612907782787612376296e-02 -1.8883481744049763345616455e-02 7.3709005226633723256712827e-03 
7.3709005226625934348305691e-03 1.8883481744050942957580119e-02 3.2702152406055216302277651e-16 5.7069082494813393342173906e-16 -3.9670882266175213140546596e-03 -1.0163268093776494857549686e-02 1.0163268093778017944761594e-02 -3.9670882266186983239331099e-03 4.4701775260531366462668501e-02 -1.3374852609352640836481996e-03 
-3.8804039184437794053270099e-04 -1.2969185451877888667904237e-02 
5 (band)
8.6357158636140507468326177e-01 (Ry)
0.0000000000000000000000000e+00 (Occupations)
7.6223749534420903728459962e-15 1.1102230246251565404236317e-16 2.4589705271971240563289030e-15 -5.5511151231257827021181583e-16 2.4634748991462646072747589e-02 -5.7927553198740777684605519e-01 -6.7620316669119717722935547e-02 -3.6805468759207898843399676e-02 3.6805468759197018657758349e-02 -6.7620316669095112405152292e-02 
-9.1568372289711746220275401e-03 2.1531909088958123277279810e-01 -6.5363788899047842173573031e-02 -3.5577249690789958247449931e-02 3.5577249690789618241648640e-02 -6.5363788899048258507207265e-02 -2.0166160408230382472538622e-15 5.8980598183211441210005432e-16 -6.3840040321139365775415797e-02 1.1728919337848120463263513e-01 
1.1728919337848855986017327e-01 6.3840040321141613977040663e-02 2.2001727638571455525351439e-01 9.3566361398894366124823208e-03 7.6646803056669432496761374e-04 -1.8023166232066442637993475e-02 -1.5233997410918133031691720e-14 4.4421146200346466438699571e-15 -3.7854778161586186790264379e-15 2.4406490305298969073170894e-15 
9.3181082926948169409264722e-02 3.1577335056650379652154470e-01 -9.9856123555574813344115626e-02 9.1709448075682459267099489e-02 9.1709448075673286049358524e-02 9.9856123555566042582221087e-02 -3.4635790666145249705465403e-02 -1.1737424941437671344068860e-01 -9.6523868888438446589361774e-02 8.8649052523671417747053169e-02 
8.8649052523672208780958215e-02 9.6523868888439473545659553e-02 5.0432049302209121008189941e-15 -1.4631509821215311041158261e-15 1.5907241669125254945882375e-01 1.7320303664129393927950673e-01 -1.7320303664129590992537544e-01 1.5907241669125490868275108e-01 -1.1993531352597068539989067e-01 3.5391531221629454750932098e-02 
-2.8991698329023690879069353e-03 -9.8247470756974309563647196e-03 
6 (band)
8.6357158636140507468326177e-01 (Ry)
0.0000000000000000000000000e+00 (Occupations)
-3.6359804056473876698873937e-15 1.6375789613221058971248567e-15 1.7832957333041576930554584e-15 -6.7307270867900115263182670e-16 -2.1094448210437918844739613e-01 2.5278043558224533304823467e-01 -5.5212196191638529541023672e-02 -1.2382843643360164076483443e-01 1.2382843643359421614835725e-01 -5.5212196191597173733356385e-02 
7.8408929096414226034283956e-02 -9.3959524576337188905839071e-02 -5.3369734338587618283078484e-02 -1.1969621228412435920418488e-01 1.1969621228411768398824933e-01 -5.3369734338595320455311821e-02 1.8041124150158793781884015e-16 -1.0061396160665481147589162e-16 -2.1478363518595072756411923e-01 9.5766986535385803525066706e-02 
9.5766986535402554014950738e-02 2.1478363518594817405116260e-01 -9.6009687772569546337919633e-02 -8.0119783865148064272432293e-02 -6.5631763414203750373054902e-03 7.8648303944121970843195157e-03 -2.0865035473664845377454948e-14 8.6589346558867692137627679e-15 -3.9600895607512717855191288e-15 6.1347901084695936918549084e-16 
-2.0748879211793350152426285e-01 5.4140134277872908885598235e-01 7.6676576198132284645225809e-02 -6.9175443292339034578875001e-03 -6.9175443292320958760255323e-03 -7.6676576198131660144774457e-02 7.7124434956423598697128341e-02 -2.0124109943598861294233870e-01 7.4117835984733079768282948e-02 -6.6867020077474061123812277e-03 
-6.6867020077457962889955212e-03 -7.4117835984732149956499825e-02 8.2123069681650338790108955e-15 -8.6887616499815951878831542e-15 -1.1998660084746304993474908e-02 -1.3299751045696628359849001e-01 1.3299751045696700524345601e-01 -1.1998660084745926823757145e-02 -2.0563210819740571078106939e-01 -7.8807262522770829549223492e-02 
6.4556584649834028791226537e-03 -1.6844775690224741276912468e-02 
7 (band)
9.2097384529174297629339208e-01 (Ry)
0.0000000000000000000000000e+00 (Occupations)
9.2614253909086939461287978e-15 -5.7031647718841391448683108e-15 -1.9927988806668270453720528e-15 2.2468359454639211916165937e-15 1.3653045915569654210775848e-14 -9.7994973085877422329879114e-16 -6.7803150199214923254942278e-01 1.0664507235860462563969975e-01 1.0664507235859502221053674e-01 6.7803150199216022375736657e-01 
-4.4412374287386990072297601e-15 6.2288124942134325912917023e-16 3.0510795245708099976411631e-02 -4.7989303699514929135716557e-03 -4.7989303699584873186267941e-03 -3.0510795245698940636458474e-02 4.0425938646987002741651140e-16 1.2673473526628616234736321e-16 -3.0067803444365603926513586e-02 -1.9116605652853085883791096e-01 
1.9116605652851528795999059e-01 -3.0067803444378149446691850e-02 2.7273914138187617234409046e-16 3.9492242550984213724843610e-15 -9.8909962187674891273546050e-16 2.6672123947212317112366647e-15 -4.6206283638461059792845731e-01 6.3454409272826362009567447e-01 -9.2319831083312875463775526e-02 1.2678146529582640100741742e-01 
-2.8344967714041238952737444e-15 -2.7274982664599560029100674e-14 -4.1206788927760700957674140e-15 2.4969529497396691349457711e-15 -6.4223598528641036059813097e-15 2.3247684361303796891695052e-15 2.4577852549443964624452655e-15 8.3096590194754307656569096e-15 -6.8789436638431167899668463e-16 -1.4981396291346365387150915e-15 
-3.3061271563333702345409986e-15 1.4479355663525708758277421e-15 1.5961809131531740080234272e-01 -2.1920117560025628722364388e-01 -3.2192929303127184267274913e-15 3.1871617910211208608760876e-15 -2.5797843800194034972709578e-15 -3.8043295300860806189435951e-15 9.6029140753800744999858309e-15 1.9998668993467790529101765e-16 
-1.8097762778746325765516471e-18 1.0237703230704801558848612e-15 
8 (band)
9.2097384529174397549411424e-01 (Ry)
0.0000000000000000000000000e+00 (Occupations)
7.8495112611173012417964401e-01 1.2212453270876721944659948e-15 1.5683268522158844149316792e-01 -8.3266726846886740531772375e-16 -2.2204460492503130808472633e-16 5.5233595475100401926372157e-15 1.2792400162036935230663703e-15 2.6022505194090208464468002e-15 -2.3519053270242912793449062e-15 1.9806667150846610422870361e-15 
-1.1102230246251565404236317e-16 -1.1726730697603929877343835e-15 -3.3793042908020864773266377e-15 8.7942632978382060095502364e-16 6.6319108667886692927004806e-16 3.2128726278281259071432197e-15 -2.7115879196455860977721386e-01 -4.5449755070592345873592421e-16 1.4451951284178439869749948e-15 1.5646225503790327806090637e-15 
-3.0284562746334275682758935e-15 1.2130437928610458521977844e-15 -2.6896887495020563603951512e-15 -9.1593399531575414584949613e-16 -8.8817841970012523233890533e-16 -9.7838404045093537289688244e-16 -5.3078361126583458728812166e-15 2.4498598683048640914980743e-15 3.9005048864020086483148458e-15 5.4747463890647879693959096e-15 
8.0463189540713335684617832e-16 -5.9439385602450813022626971e-15 -4.8533487879612691173747407e-01 4.8533487879612036142162879e-01 -4.8533487879612224880077065e-01 -4.8533487879612841053855732e-01 6.1620492412590330014234496e-16 1.9877549576295695167880635e-15 2.1839624072100733559453900e-02 -2.1839624072099484558551197e-02 
2.1839624072098641482941872e-02 2.1839624072098287599352773e-02 -1.2655597473125700459673456e-15 2.4047175942293043861616552e-15 -1.3683664343412921260423332e-01 -1.3683664343413057262743848e-01 -1.3683664343412463293425674e-01 1.3683664343412296759971980e-01 1.4561255838646337796002598e-15 -5.9395782046523682245007631e-16 
2.8666875437827486671835355e-16 -1.3316553144708599945272077e-15 
9 (band)
1.3726830392603364128234489e+00 (Ry)
0.0000000000000000000000000e+00 (Occupations)
5.7176485768195561831817031e-15 3.2474023470285828807391226e-15 -3.3306690738754696212708950e-16 -1.1518563880485999106895179e-15 -1.6518729750374416820335455e-01 1.0706929076577133275183229e-01 -3.6722089764781445930807990e-01 -3.5176955369899409742373564e-01 3.5176955369899703951475090e-01 -3.6722089764781523646419714e-01 
-1.5849842835568839216620063e-03 1.0273377292298220553323773e-03 2.0535924049664144863669435e-01 1.9671845703821919104647975e-01 -1.9671845703821327910887362e-01 2.0535924049663581425484438e-01 -2.4654757402320370829329477e-16 1.1866592777853846030211571e-15 9.2959072462316313933960998e-02 -9.7042264389174889838152183e-02 
-9.7042264389173460426007978e-02 -9.2959072462316480467414692e-02 -7.6090299831484443926488126e-03 -1.1739268006278138350984008e-02 1.1925208269847734077195867e-01 -7.7295507038474417504936298e-02 7.6944952071838091379794936e-15 3.1205640176779946634452772e-16 -4.2898176918284955457473957e-15 3.8705708382473249601555982e-16 
1.6828261561455792189034852e-02 7.8306194047158683702036797e-01 1.2499004048399270372371461e-01 2.6681345201601619487874473e-02 2.6681345201597029409557038e-02 -1.2499004048399989241779906e-01 1.6146840887613402026889986e-04 7.5135369816736463643991328e-03 -6.9897601002146550475124798e-02 -1.4920885007161833676891938e-02 
-1.4920885007158815258043738e-02 6.9897601002147646820361615e-02 -5.0937997485692115256680284e-16 -7.5610529603537023298640797e-17 -7.0508464303007710796689089e-03 3.3030028063095663581894001e-02 -3.3030028063092235768305471e-02 -7.0508464303023730967989735e-03 -5.5649399945547933787892703e-02 1.1959241148400585885713809e-03 
1.2148665603982146746209203e-02 5.6530840260905679262037893e-01 
10 (band)
1.3726830392603377450910784e+00 (Ry)
0.0000000000000000000000000e+00 (Occupations)
1.6653345369377348106354475e-15 -3.2196467714129539672285318e-15 -1.5543122344752191565930843e-15 2.4980018054066022159531713e-15 7.1222007686132982051674389e-01 -3.2590145000897191573940859e-01 -7.8455175089617773531713851e-02 -1.0089197145271147637579645e-01 1.0089197145271072697525483e-01 -7.8455175089630027618348151e-02 
6.8338040837020858075945284e-03 -3.1270484114577154488578969e-03 4.3874123920061167125616919e-02 5.6421349554041475005128348e-02 -5.6421349554044472607294836e-02 4.3874123920057739312028389e-02 -5.8893862009412600855284836e-16 -6.9779251821167065372719662e-16 2.6661841499685111356310330e-02 -2.0732664977712679521548722e-02 
-2.0732664977708863129901573e-02 -2.6661841499689920009785737e-02 2.3160645661646390991439404e-02 5.0614923108940355900298158e-02 -5.1416621488984692867063586e-01 2.3527491069428932424223433e-01 5.8473682635717418039909457e-15 -7.2784907208064796553490601e-15 3.6920071861435066646794788e-16 -4.6328186815570888106434691e-15 
-2.4436209500605345773527333e-02 1.9532933201882124452097855e-01 -4.7659030951485709115544864e-01 -1.7735468264297379881178074e-01 -1.7735468264297529761286398e-01 4.7659030951485892302343927e-01 -2.3446722958344028836519257e-04 1.8741993243156021553552648e-03 2.6652138976005168569116677e-01 9.9181237122876894640732814e-02 
9.9181237122876270140281463e-02 -2.6652138976005207426922539e-01 1.7049769697670512494723730e-15 -2.4362207955036248047595966e-15 4.6867975417358480327845172e-02 -1.2594436514235402002626074e-01 1.2594436514235293755881173e-01 4.6867975417358008483059706e-02 -1.3881354151965709375904368e-02 -1.7365936529020421438818111e-03 
-1.7640998552793742820687939e-02 1.4101223282509872669621132e-01 
11 (band)
1.6613575489861927003687470e+00 (Ry)
0.0000000000000000000000000e+00 (Occupations)
1.0388907603558650810748056e-15 2.5067166663907511703207712e-15 2.4292359797520365045754211e-15 -7.5101679248072941939849149e-16 -1.8298748443154831145648528e-15 1.1464207303625402242904662e-15 4.7583873063411591397553480e-01 -2.8202600825332790890342949e-01 -2.8202600825332713174731225e-01 -4.7583873063411896708885251e-01 
-2.1319025432761718083033132e-15 -2.7595260153308017438767977e-16 -2.3076944580165414944161739e-01 1.3677530103432464225754472e-01 1.3677530103432297692300779e-01 2.3076944580164882037109919e-01 3.5339433921770247374790881e-15 -2.6046492184591798937043106e-15 -1.1487256237676304881922817e-01 -1.9381479958029027010901757e-01 
1.9381479958028841048545132e-01 -1.1487256237676331249719652e-01 -1.4746638656367216633170972e-16 -1.9784107037582643112909661e-15 1.3272918335957794515357571e-15 -1.6211583168370746305148057e-15 1.5422013434312206725529393e-01 -6.0304607669408383241460569e-01 2.0178312648552798602707981e-02 -7.8903136278835203643033935e-02 
3.6275440288320928475060178e-15 1.7618857523187602871348940e-15 -1.4284419065840489158349413e-15 1.5314429998239538014054214e-15 -3.2834881845404652171669647e-15 -3.5670709427704720319898987e-15 1.2045360921794952399349601e-15 2.0516944674138859711406531e-16 6.1371958923419879694158333e-16 -1.4400556993537899556980197e-15 
4.0068763544050269118027070e-15 3.7522551782541427790939803e-15 2.1518873804908125735302349e-01 -8.4145124618117583814580485e-01 7.8803889845911314509578218e-16 3.7107753082134138321061878e-15 1.7726979497905883591936620e-15 -6.6056494325232404998019041e-16 3.7607919445517445464399518e-15 -9.2316624842223170141728109e-16 
3.7448487533943149715837632e-15 -8.6102323321767286096655831e-16 
12 (band)
1.6613575489861946987701913e+00 (Ry)
0.0000000000000000000000000e+00 (Occupations)
6.2245354883147352431649324e-01 5.7176485768195561831817031e-15 8.1442428843827241458086519e-02 -2.9420910152566648321226239e-15 2.8588242884097780915908515e-15 1.1657341758563062935007980e-15 -2.6954935043439123767742765e-15 -2.1289667968247750461793875e-15 -1.7741660037864094055570440e-15 2.1616659876634099848963114e-15 
8.3960616237277463369537145e-16 -1.9151347174784636631295189e-15 2.8610266529640411950484628e-15 -2.8611289967082354881356239e-15 -4.5244720159839962681383895e-15 -2.9409161055356479753818472e-15 8.6853116966693111322683762e-01 2.2204460492503130808472633e-16 -2.6229296182171241374132032e-15 3.5599961181158055040023197e-16 
-1.2371570576672238274262539e-15 -2.4554618908080088490179588e-15 1.7386266037977369637887575e-15 1.7069679003611781809013337e-15 4.4408920985006261616945267e-16 2.3106516700010920613994842e-15 -1.0509254743144958934106635e-14 7.1984040350237459402102418e-16 4.3295923883740904003648163e-15 -6.6544125371787615683119094e-15 
2.8453405908870942986084357e-16 -1.2854140545644791393237997e-15 -3.9112732383636361621626065e-01 3.9112732383635534505472720e-01 -3.9112732383635651078890305e-01 -3.9112732383636128474790894e-01 6.7331771471506628163427089e-16 -1.0061356846554127413867981e-15 1.8968661008178175353400263e-01 -1.8968661008178108740018786e-01 
1.8968661008177850613165560e-01 1.8968661008177989391043639e-01 -1.9800471950865104420178398e-15 4.0594143472758694652091816e-15 1.5931083158930300913702638e-01 1.5931083158930450793810962e-01 1.5931083158930392507102169e-01 -1.5931083158930017806831358e-01 9.1724067029759084308369039e-16 2.1209277602422130764282969e-16 
-7.7415622137987049738273534e-16 -2.1507400746182018767591898e-15 
13 (band)
2.1065603046926564267948834e+00 (Ry)
0.0000000000000000000000000e+00 (Occupations)
-1.4960255256823984382208437e-14 7.0776717819853729452006519e-15 2.4424906541753443889319897e-15 1.5265566588595902430824935e-16 -3.0813643046988498097604747e-02 -4.6437637605460192757877991e-02 -4.4047117409120850606285558e-01 8.5139658758395464488444304e-02 -8.5139658758399572313635417e-02 -4.4047117409121988584885798e-01 
1.4440631370387403686894601e-02 2.1762723912576116547246130e-02 5.6049246083755810410309550e-01 -1.0833884181143293989890708e-01 1.0833884181142688918342287e-01 5.6049246083754256098075075e-01 -1.0113437864944785360421520e-15 2.5673907444456744997296482e-15 2.6496782701279378291481237e-02 1.3708146304876900334335232e-01 
1.3708146304876028809260902e-01 -2.6496782701284304906153011e-02 -7.6159416707983984551333378e-02 5.0535496681477054536912874e-02 -1.4612938694812585560534046e-01 -2.2022399312725818298908109e-01 4.3457154817206475952695004e-15 -1.8229266531250930981966732e-14 -1.8748657124179411271277458e-15 4.2223520276540105955222472e-15 
1.5474353031471699271293119e-01 1.0461210020458330816062187e-01 -2.6534682179008339808490291e-02 1.3119808589040865554053994e-01 1.3119808589041750956916133e-01 2.6534682179010851688083505e-02 -7.2519639265633983882253233e-02 -4.9025841366211929395202418e-02 3.3764954863940065121763467e-02 -1.6694744705964800757236333e-01 
-1.6694744705964012498888849e-01 -3.3764954863937490792125118e-02 8.8116147317170791727315698e-15 -6.6970902886975828289287027e-15 4.0830879796301518258605512e-02 8.2580047653216942515896903e-03 -8.2580047653244663397043013e-03 4.0830879796305299955783141e-02 1.7156765380418523281313981e-01 -2.5378502472995384531273544e-01 
-7.3384952193408825582565669e-01 -4.9610823513927621020158654e-01 
14 (band)
2.1065603046926577590625129e+00 (Ry)
0.0000000000000000000000000e+00 (Occupations)
-5.0376369742366478021722287e-15 8.8540286213856234098784626e-15 -7.4940054162198066478595138e-16 -4.5519144009631418157368898e-15 -8.6282298575802468532103262e-02 1.6566416823184759721243609e-01 -8.5792793963552937963612521e-02 -1.0274543105937075648803614e-01 1.0274543105937246345593650e-01 -8.5792793963554409009120150e-02 
4.0435688361263044665605548e-02 -7.7637531565826298218802037e-02 1.0916994581989065971061592e-01 1.3074190294767884523707835e-01 -1.3074190294767357167771138e-01 1.0916994581988886947598871e-01 3.9655778660829810178256594e-15 6.0368376963992886885534972e-16 -3.1975972185366380307058876e-02 2.6700048510168463561376129e-02 
2.6700048510165885762290827e-02 3.1975972185357706689678992e-02 2.7169526859108394933883801e-01 1.4150611164992674129159411e-01 -4.0918171785567458709209632e-01 7.8563911790883433905463562e-01 9.4674356289845899435446038e-16 -1.9409757935421024186951021e-15 -3.6937587167251825217521146e-15 -4.8751732238827971468798075e-16 
-4.9909757341356081328243022e-03 5.5506981051254900005886839e-02 4.2788797690915192362126618e-01 -1.3481652686292197595996356e-01 -1.3481652686291795140149929e-01 -4.2788797690915375548925681e-01 2.3389912268834511625825723e-03 -2.6013018020042515121570403e-02 -5.4448054548729085677649664e-01 1.7155185480383283724847843e-01 
1.7155185480383322582653705e-01 5.4448054548728697099591045e-01 2.5164075690512593190849728e-15 2.7100115814516016311720018e-15 -4.1956994765105545819317001e-02 -1.3316537686422597053237382e-01 1.3316537686421958674998223e-01 -4.1956994765097621602478739e-02 9.1033470220876919198893518e-02 8.1853819512703960420418881e-03 
2.3669003473239750429124584e-02 -2.6323408433053052668526561e-01 
