3 (index of k points)
0.5000000000000012212453271 0.5000000000000012212453271 0.5000000000000012212453271
14 (number of bands)
26 (number of orbitals)
1 (band)
-1.7672533694517494895492860e-01 (Ry)
1.2500000000000000000000000e-01 (Occupations)
3.9780539294975492126127392e-01 5.9699864062749495606694891e-16 1.4127786850718654365621774e-01 1.0112377942432447895729454e-16 -1.2655796914941377928620625e-01 -1.7819566774566947659007969e-15 1.2655796914941272457433286e-01 1.7761217499139792905330975e-15 1.2655796914941380704178187e-01 1.7819566774558293854877695e-15 
-1.0013147095580994527797003e-02 -1.1218836002641545528103291e-16 1.0013147095581032691713474e-02 1.1323841494075233690706001e-16 1.0013147095581565251820599e-02 1.1218836002563487741531672e-16 9.7144514654701258916825991e-17 6.6399530610346874066985421e-19 3.7953827334742687438229325e-02 2.8954573857490070558806151e-16 
3.7953827334742236410125571e-02 2.8302130363392564935543945e-16 1.9378443406543984367132972e-16 -1.1500736057728224869513045e-18 -3.7953827334742631927078094e-02 -2.8954573857473450245609275e-16 -3.9780539294977473874226348e-01 -5.1759503680296478740497995e-15 -1.4127786850717499733676163e-01 -1.9490996348335997765350206e-15 
-1.2655796914941658259934343e-01 -5.4644225403923077179793621e-17 1.2655796914941738751103628e-01 6.0501465499587415285691283e-17 1.2655796914941566666534811e-01 5.4644225403028508913272993e-17 -1.0013147095582486389986343e-02 -3.3129004626323185664845461e-17 1.0013147095582800374935495e-02 3.2059012207562855514991613e-17 
1.0013147095582299039850938e-02 3.3129004625554736535547043e-17 -4.2283884726934697578193947e-17 6.8945825392938399614904507e-19 -3.7953827334743325816468484e-02 -2.6125069382954353550314639e-16 -3.7953827334743714394527103e-02 -2.6774284156786659037903597e-16 -1.3656375753915743648186433e-16 -1.1941767256783106474994146e-18 
3.7953827334743471533240466e-02 2.6125069382958327437124690e-16 
2 (band)
-1.0414293245554444647393844e-02 (Ry)
1.2500000000000000000000000e-01 (Occupations)
1.1935493109052408566839176e-01 -8.8161300383998673749839989e-16 1.1659379076871584368646495e-01 -1.7167540221320340612876670e-16 2.1836427282652104420179739e-01 3.3562654084085086652227656e-15 -2.1836427282651965642301661e-01 -3.3485268009056752170776612e-15 -2.1836427282652040582355824e-01 -3.3562654084032564293158041e-15 
-1.4655159096151570280452958e-02 7.1502608837724120218547085e-17 1.4655159096150709857608874e-02 -1.0162816341166226331557542e-16 1.4655159096150612713094219e-02 -7.1502608832898929232246325e-17 1.2967057982926633030729135e-16 -4.1081896174244794478504100e-18 -7.9481417614101195628917296e-03 -4.7001147414292653871640709e-16 
-7.9481417614101542573612491e-03 -4.3161796187956905545187222e-16 -2.7521490321748948545498206e-17 7.1155931424340268708966307e-18 7.9481417614104231395000255e-03 4.7001147414191630371965844e-16 1.1935493109053020577281501e-01 3.5982687951058566662365221e-15 1.1659379076871402569626213e-01 2.8254844574690414482773120e-15 
-2.1836427282652123849082670e-01 -1.6257064187207746732782746e-15 2.1836427282652193238021709e-01 1.5981971048497022218002253e-15 2.1836427282652143277985601e-01 1.6257064187261298555333675e-15 1.4655159096150142603032229e-02 4.1788781347288930754130241e-16 -1.4655159096149913619533400e-02 -4.0956268857631314394585338e-16 
-1.4655159096150196379459985e-02 -4.1788781346810185861893582e-16 -6.0769531767812498874214441e-17 -5.4720121891128684571845786e-18 -7.9481417614108255953464521e-03 2.6401840480152031836535612e-16 -7.9481417614109539648836744e-03 3.0087749977505717727149283e-16 3.5833909432851243806340086e-17 9.4778031321754910776597342e-18 
7.9481417614109210051376309e-03 -2.6401840480173814258281027e-16 
3 (band)
4.0938734773678675527008863e-01 (Ry)
1.2500000000000000000000000e-01 (Occupations)
-1.9534578412690857390341745e-16 -3.7540490325852136512251870e-17 3.9606829255568416931147672e-16 1.8842160375837525746067335e-17 3.2012355015002125213641193e-01 -2.8130757514727069285020988e-04 5.0042292512999386744354524e-01 -5.6261515310092758551663294e-04 -1.8029937497997386430803601e-01 2.8130757795365201375664688e-04 
-5.7845243496700352037187542e-02 5.0831328011461859026683813e-05 -9.0424731144931130844000222e-02 1.0166265653003062063852724e-04 3.2579487648229626950424631e-02 -5.0831328518575178733451825e-05 3.4797399165095881101716913e-02 -3.0578106408988958285922327e-05 -2.0281771826979117651079676e-02 3.1644125832045904612738890e-05 
5.6292283795222337883235042e-02 -6.3288251348263255594527033e-05 -4.2720714854337142607487721e-02 5.2962834252177436297672614e-05 3.6010511968243674729706072e-02 -3.1644125516213190355951229e-05 -2.5271540778460280280096488e-15 -3.3198894522119924980009784e-17 3.5463701796740380838436384e-16 1.7867042348384358133315274e-17 
3.2012355015001009439501445e-01 -2.8130757514522632123377122e-04 5.0042292513000075082629792e-01 -5.6261515309849474426179272e-04 -1.8029937497999273809945464e-01 2.8130757795328007820137572e-04 -5.7845243496699255691950725e-02 5.0831328011055242554420280e-05 -9.0424731144929923476460942e-02 1.0166265652944309148125734e-04 
3.2579487648229606133742919e-02 -5.0831328518377067891484411e-05 -3.4797399165101446094627846e-02 3.0578106409137358458281281e-05 2.0281771826972438965697165e-02 -3.1644125831433506568137609e-05 -5.6292283795221484399284861e-02 6.3288251347140171221630767e-05 4.2720714854331105769791321e-02 -5.2962834251951976455904253e-05 
-3.6010511968249087066951120e-02 3.1644125515711509681951452e-05 
4 (band)
4.0938734773678769895965956e-01 (Ry)
1.2500000000000000000000000e-01 (Occupations)
3.5484648410454761691400587e-15 -1.3259058806875406317874369e-16 -2.0655930851489850014197275e-15 7.2400002871643123251979131e-17 -3.9290106006899672141940982e-01 9.4838997354361829345004153e-03 8.0701540414168923542881373e-02 -2.0480955643245226521775848e-03 -4.7360260048316321634942483e-01 1.1531995299760683035272812e-02 
7.0995893551574359991995777e-02 -1.7137086266771114472645676e-03 -1.4582495582184487256660610e-02 3.7008394592436000009733066e-04 8.5578389133759841245208122e-02 -2.0837925726014806630803644e-03 -4.2708307505662006231528238e-02 1.0308989906587149275318804e-03 -5.3275281074757527277618863e-02 1.2972274441079075391752840e-03 
9.0780693440972448637893422e-03 -2.3038907883114593568019135e-04 -3.4786974280152434257917804e-02 8.5225824011752693374482925e-04 -4.4197211730661052631052854e-02 1.0668383652767815528150663e-03 4.7685136048311025087989630e-15 -1.2502042395110019942938244e-16 -1.4473205381719139720354628e-15 4.2799035977982469407665798e-17 
-3.9290106006899905288776154e-01 9.4838997354340232037728242e-03 8.0701540414164787962114644e-02 -2.0480955643244493601107248e-03 -4.7360260048316327186057606e-01 1.1531995299758485140628750e-02 7.0995893551573957536149351e-02 -1.7137086266767482395367850e-03 -1.4582495582187779761818014e-02 3.7008394592438162993067174e-04 
8.5578389133761062490535210e-02 -2.0837925726010829777234967e-03 4.2708307505662679304236917e-02 -1.0308989906585102301617152e-03 5.3275281074759421595654629e-02 -1.2972274441072370685518189e-03 -9.0780693440962751533662711e-03 2.3038907883112205612734236e-04 3.4786974280151948535344530e-02 -8.5225824011742881344821932e-04 
4.4197211730661677131504206e-02 -1.0668383652760755203603438e-03 
5 (band)
6.6595866647594481602112637e-01 (Ry)
0.0000000000000000000000000e+00 (Occupations)
5.4567167003156580307177137e-01 2.1258941491500981821758535e-15 2.3160244632679155563081963e-01 -1.0537433526318823856492444e-16 -1.1177987456031399093880907e-01 1.0496576274866021977209519e-15 1.1177987456031554525104355e-01 -8.5747477520808596253237163e-16 1.1177987456031510116183370e-01 -1.0496576274450734042264970e-15 
-1.8496438332482670330314534e-02 6.8221597644162417941129767e-17 1.8496438332483620958779369e-02 -2.8759018277119822268833537e-16 1.8496438332481417859964878e-02 -6.8221597599794316833558095e-17 4.7531423241764534108409361e-16 -5.2239002716580418226213279e-17 -1.1029457285724614257205189e-01 -2.2105342618875977839804099e-16 
-1.1029457285724691972816913e-01 2.0244057937933167091121899e-16 -9.8648622700836499333896893e-16 9.0480606825262943319879878e-17 1.1029457285725048631963574e-01 2.2105342617917674542522271e-16 5.4567167003157479587827083e-01 1.7950404575351859500672947e-15 2.3160244632678650411605759e-01 1.7695583064472274669424126e-15 
1.1177987456030877289059333e-01 1.7219200124137122059829599e-15 -1.1177987456031138191470120e-01 -1.9225395217277970409214549e-15 -1.1177987456031121538124751e-01 -1.7219200123595279142012706e-15 1.8496438332480588662143361e-02 3.4461611559436091474399990e-16 -1.8496438332479533950269968e-02 -1.3352072024683350911572672e-16 
-1.8496438332479318844558946e-02 -3.4461611554334597025664914e-16 -2.0391674460107367394812172e-15 -5.4724265147347033879504409e-17 -1.1029457285724626747214216e-01 -8.5270047936617259120005663e-16 -1.1029457285724816872907184e-01 -4.3250429011175343168144126e-16 6.8077342725000878644625820e-16 9.4785207651106474577495751e-17 
1.1029457285724909854085496e-01 8.5270047936369251112165492e-16 
6 (band)
7.8144277718126042842072820e-01 (Ry)
0.0000000000000000000000000e+00 (Occupations)
2.7155558770095456961557518e-15 -1.0654323527768748042958442e-16 -1.9131547860330144033483137e-15 7.1189641058300828973298220e-17 -3.4295073537070153157912955e-01 1.0691647322411497109118095e-02 1.1767882854392516800423607e-01 -3.8910090083951907533044157e-03 -4.6062956391462522853785799e-01 1.4582656330806629749186065e-02 
4.2469519498924822309415816e-02 -1.3240068546404683887812714e-03 -1.4572831570268698214709602e-02 4.8184554196637754356485894e-04 5.7042351069193787671540719e-02 -1.8058523966068557985859000e-03 1.7669818670646544878088946e-01 -5.5086474526236392859623869e-03 1.6429277468719111210404549e-01 -5.2011969239174494356037215e-03 
-4.1972514962153414930234874e-02 1.3878064206076096143149812e-03 1.7202803231456503807450531e-01 -5.4953176183909343763267508e-03 1.2232025972503660082857380e-01 -3.8133905033098094636279107e-03 2.9987568400832145870113287e-15 -1.1663960282603929920137290e-16 -5.0018262389048823399004684e-16 3.0335545279747362291097499e-17 
3.4295073537071296687628319e-01 -1.0691647322410055553909558e-02 -1.1767882854390820934753492e-01 3.8910090083944005867611082e-03 4.6062956391462100969036442e-01 -1.4582656330804464814288046e-02 -4.2469519498925065170702453e-02 1.3240068546403341645523177e-03 1.4572831570265466424873857e-02 -4.8184554196651903194836830e-04 
-5.7042351069191289669735312e-02 1.8058523966068796510336947e-03 1.7669818670646023073267372e-01 -5.5086474526221430869643569e-03 1.6429277468719213906034327e-01 -5.2011969239160885450368177e-03 -4.1972514962156946827231963e-02 1.3878064206069662487458283e-03 1.7202803231456947896660381e-01 -5.4953176183898241533021256e-03 
1.2232025972503400568225373e-01 -3.8133905033090817471297385e-03 
7 (band)
7.8144277718126109455454298e-01 (Ry)
0.0000000000000000000000000e+00 (Occupations)
4.9919502336653650350256025e-16 -1.5195388885056115217595437e-17 -3.3290554929814885760220700e-16 -2.3810785030297921827488146e-18 3.3405660886831678446640126e-01 -3.7385970860199477542804014e-04 4.6417611979779505038123943e-01 -7.4771943111956343068491559e-04 -1.3011951092948009778282881e-01 3.7385972251758930930826130e-04 
-4.1368109762887204927661600e-02 4.6297151592721564575434734e-05 -5.7481541042272453478911842e-02 9.2594304908760229066988501e-05 1.6113431279384402006193966e-02 -4.6297153316021662846236479e-05 -1.7211567422515391956316932e-01 1.9262338808284442683536886e-04 4.6409733908236334987140737e-02 -1.3334457005807892333686115e-04 
-1.6555772499059198676896187e-01 2.6668913515297688453936642e-04 1.7678371834191838884997594e-01 -3.3363350316436467474581762e-04 -1.1914799108235576974301750e-01 1.3334456509489869303897169e-04 -1.5537959974035152663238772e-15 1.1530594273285461601254120e-17 2.3567320486711150572907804e-16 3.4325621300297285383394023e-18 
-3.3405660886831600731028402e-01 3.7385970860033415717055272e-04 -4.6417611979779727082728868e-01 7.4771943111734775512522422e-04 1.3011951092947829367041379e-01 -3.7385972251698974550687682e-04 4.1368109762886455527119978e-02 -4.6297151592762574522608998e-05 5.7481541042271211416903043e-02 -9.2594304908815835085909851e-05 
-1.6113431279384429761769582e-02 4.6297153316069530372151714e-05 -1.7211567422515405834104740e-01 1.9262338808179616596490125e-04 4.6409733908235883959036983e-02 -1.3334457005768172587097109e-04 -1.6555772499059251412489857e-01 2.6668913515159832147705110e-04 1.7678371834191922151724441e-01 -3.3363350316329332036907607e-04 
-1.1914799108235607505434928e-01 1.3334456509391502351292991e-04 
8 (band)
1.3227815953116108804721307e+00 (Ry)
0.0000000000000000000000000e+00 (Occupations)
2.4234255338326848860930340e-01 1.8147316431961400745569924e-15 -2.6532606577388700985764558e-01 5.0598539104280655650399639e-15 5.2372145251040069791059750e-01 -1.2086186199960259520411505e-14 -5.2372145251039592395159161e-01 1.2024315692106422405498120e-14 -5.2372145251039869950915318e-01 1.2086186199577035625820569e-14 
-1.4432891637550945840295924e-01 4.8031596734817872862034312e-15 1.4432891637550984698101786e-01 -4.8452764804531370464228297e-15 1.4432891637550995800332032e-01 -4.8031596732496720645902955e-15 1.8214596497756470547020681e-15 -2.6909330581814401055492394e-18 1.9935641217819871640060114e-01 -2.3034949216806821474893182e-15 
1.9935641217819999315707946e-01 -2.3149588064295822816784483e-15 -9.5171253671423948945300854e-16 4.6608325786601275186522716e-18 -1.9935641217819877191175237e-01 2.3034949215620824324156756e-15 -2.4234255338326360362799505e-01 9.2639290915498695049942593e-15 2.6532606577389439284075934e-01 -3.0958175742445831744860794e-15 
5.2372145251040880253867726e-01 -4.0121194968351857905514749e-15 -5.2372145251041291036386838e-01 4.0739900046756367247641648e-15 -5.2372145251041068991781913e-01 4.0121194970618562941967752e-15 -1.4432891637551992225496633e-01 -3.6673453651182226097927612e-16 1.4432891637552164310065450e-01 4.0885134347220981284449715e-16 
1.4432891637552006103284441e-01 3.6673453626197758773652445e-16 2.5006038906205678210252418e-15 -2.6909328813113155689592380e-18 -1.9935641217819330406335609e-01 3.8243817400583675378464369e-15 -1.9935641217819508042019550e-01 3.8129178543137186541416745e-15 -2.5132691359826142860615942e-15 4.6608323399774054468423539e-18 
1.9935641217819388693044402e-01 -3.8243817398159710920555557e-15 
9 (band)
1.4213093705628667695606282e+00 (Ry)
0.0000000000000000000000000e+00 (Occupations)
-4.4132207325537403663773262e-01 4.9804359222843677037382049e-15 -4.5566066086129841661289674e-03 7.2228918030964697422963782e-15 3.5949222943532610496930602e-01 -3.9755591275901928494297520e-15 -3.5949222943532260776677845e-01 4.0380879973304580877240532e-15 -3.5949222943531888851964595e-01 3.9755591272454022581411835e-15 
-2.8061873123627345538722011e-01 2.0830165812580204453433566e-15 2.8061873123626929205087777e-01 -2.0182964035782118667150050e-15 2.8061873123627145698577579e-01 -2.0830165809622607147578948e-15 3.6047553830798051421879791e-15 1.1421775283639200394008560e-17 -1.3765853419824228276446831e-01 -2.5885098287908631534641546e-15 
-1.3765853419823495529250579e-01 -2.6395797196236883415567744e-15 3.8119373401707511693757686e-15 -1.9783095239924570215672787e-17 1.3765853419823825820600405e-01 2.5885098284542360892532657e-15 -4.4132207325538630460215472e-01 -4.0360850760530904325707946e-15 -4.5566066086009937574630158e-03 -7.2131414743290643639523622e-15 
-3.5949222943530578788795538e-01 -3.2063096109407559752520639e-15 3.5949222943529790530448054e-01 3.2688384829051833758112517e-15 3.5949222943530040330628594e-01 3.2063096114786250062589064e-15 2.8061873123626857040591176e-01 1.4825423416022749081510251e-15 -2.8061873123626734916058467e-01 -1.4178221639833993263485287e-15 
-2.8061873123626618342640882e-01 -1.4825423417172237749553049e-15 4.7115089607530080684227869e-15 -1.1421775956241549441030956e-17 -1.3765853419824292114270747e-01 2.8830746402863932698624633e-15 -1.3765853419824955472527961e-01 2.9341445308324032267434698e-15 -2.5885165913528932243563352e-15 1.9783095714614464717487253e-17 
1.3765853419824597425602519e-01 -2.8830746398533050830220544e-15 
10 (band)
1.4567218885822108553895760e+00 (Ry)
0.0000000000000000000000000e+00 (Occupations)
2.5942643176470875393102422e-15 -9.2354085875634013232691183e-16 -3.5186617548026115663354402e-15 1.5697122508580605826752435e-15 -1.6724177348162808098841481e-01 8.0568493380106451229316633e-02 -9.0403493684252780870913568e-02 4.4767765133013018297170049e-02 -7.6838279797369971046983039e-02 3.5800728247090816969144811e-02 
-7.7771730857340806708499770e-02 3.7466423922071230567798494e-02 -4.2039952297848501294730283e-02 2.0818163479912561719675779e-02 -3.5731778559492805014130568e-02 1.6648260442158977628901440e-02 -3.5640154464687751056928278e-01 1.7169595187114083945090215e-01 1.9146556411309242906604311e-01 -8.9208225998378409826727875e-02 
2.2526735322154067819866441e-01 -1.1155228133530430134623401e-01 1.6690172747472340614161013e-02 -1.1032733866714015957821715e-02 4.1673291733463146968574620e-01 -2.0076050733368219769481300e-01 5.1113885109743874686945997e-15 -2.2151075595035377472654410e-15 -7.7745148458138462047922922e-16 3.0630385065013652459911570e-16 
-1.6724177348161586853514393e-01 8.0568493380143282878158573e-02 -9.0403493684249075501568882e-02 4.4767765133035944402628559e-02 -7.6838279797365544032672346e-02 3.5800728247106471113792026e-02 -7.7771730857345108822720192e-02 3.7466423922061918572179451e-02 -4.2039952297852081763984700e-02 2.0818163479906826723864199e-02 
-3.5731778559493526659096574e-02 1.6648260442155175115042098e-02 3.5640154464686701896170007e-01 -1.7169595187117528412024114e-01 -1.9146556411309084699823302e-01 8.9208225998378687382484031e-02 -2.2526735322154084473211810e-01 1.1155228133530492584668536e-01 -1.6690172747471938158314586e-02 1.1032733866718182763611011e-02 
-4.1673291733463047048502403e-01 2.0076050733368303036208147e-01 
11 (band)
1.4567218885822152962816745e+00 (Ry)
0.0000000000000000000000000e+00 (Occupations)
-4.7468733564817670854015449e-15 2.0604165853735898171675261e-16 5.2843083350222580822932043e-15 -1.0128415005992659101074119e-16 9.3159158981402975102659170e-03 1.1638887757015833369911295e-03 -1.5609891362640290757290984e-01 2.3277775351467819807405046e-03 1.6541482952455305310834888e-01 -1.1638887594452409276341021e-03 
4.3321407614723304521642255e-03 5.4123824883730653825808510e-04 -7.2590014115177167730585950e-02 1.0824764901281758600753991e-03 7.6922154876639503573443335e-02 -5.4123824129077651411134919e-04 1.9852736231976923081399278e-02 2.4803118791527408587560544e-03 -4.1218053984434299685801761e-01 2.9001770794840849888862611e-03 
3.8896714806394705465919515e-01 -5.8003541994313028221097461e-03 3.9557945481900191886381890e-01 -4.2960261533313568241276847e-03 -2.3213391780396930991203774e-02 -2.9001771199472403846286728e-03 -4.1330420768301062457150051e-15 1.7628694561357380212728348e-16 2.8473423418516417390272828e-15 -9.5181802525422444225755458e-17 
9.3159158981437600183239667e-03 1.1638887756998503482386287e-03 -1.5609891362642958068107646e-01 2.3277775351794398848992440e-03 1.6541482952456887378644979e-01 -1.1638887594796567571953094e-03 4.3321407614660741719481152e-03 5.4123824883775279587228013e-04 -7.2590014115167855734966906e-02 1.0824764901195510317932769e-03 
7.6922154876642348519943937e-02 -5.4123824128186285437047687e-04 -1.9852736231974674879774412e-02 -2.4803118791509827165131519e-03 4.1218053984434432912564716e-01 -2.9001770794852672029351393e-03 -3.8896714806394694363689268e-01 5.8003541994323956978996115e-03 -3.9557945481902151430020353e-01 4.2960261533678562734239748e-03 
2.3213391780394394825481896e-02 2.9001771199471085456444985e-03 
12 (band)
1.5282349341106253870492537e+00 (Ry)
0.0000000000000000000000000e+00 (Occupations)
-6.1106391745739322636889715e-16 -1.2929047982116847589642851e-18 1.5822943694106981474846404e-15 -1.1143103861729972024485111e-18 5.7429285793386530833970482e-01 6.3097834215629662450199044e-05 7.4733485684547740213190536e-02 1.2619573383198184153217158e-04 4.9955937224932672746646745e-01 -6.3097899616346920701435985e-05 
-1.3702644900216798262704287e-01 -1.5055162258439170033168068e-05 -1.7831432209955776213572420e-02 -3.0110340128894417903449021e-05 -1.1919501679222249679312995e-01 1.5055177870454610901504618e-05 5.4187853069231217695289615e-01 5.9536456401836571744861509e-05 -5.1799419598046403390156911e-02 6.5426348766055605115569797e-06 
-7.7491313306109164960044922e-03 -1.3085262998163490620780192e-05 2.3142958377964567562301568e-01 -1.0312023863264516750776201e-04 -5.9548550928659522984975894e-02 -6.5426281215581029039444518e-06 -9.9971363646183731943346388e-16 1.7205532495102113797138396e-18 1.6794872926740744810688983e-15 1.0782079342588436817488253e-18 
-5.7429285793386597447351960e-01 -6.3097834206397043982708639e-05 -7.4733485684546865912558644e-02 -1.2619573383089555227050405e-04 -4.9955937224932400742005711e-01 6.3097899624502113260018921e-05 1.3702644900216981449503351e-01 1.5055162264051507003655497e-05 1.7831432209954277412489176e-02 3.0110340129521293435184773e-05 
1.1919501679221951306875127e-01 -1.5055177865469008855283696e-05 5.4187853069230940139533459e-01 5.9536456380547008479346693e-05 -5.1799419598041011869593575e-02 6.5426349020675089723916504e-06 -7.7491313306134752131315580e-03 -1.3085262994645545950398585e-05 2.3142958377964087390843417e-01 -1.0312023864203298951624371e-04 
-5.9548550928655609448814090e-02 -6.5426280925780615419624052e-06 
13 (band)
1.5282349341106276074953030e+00 (Ry)
0.0000000000000000000000000e+00 (Occupations)
-1.1049650196789539206496486e-15 1.6211658704531850366809180e-18 2.6079795285073341724392486e-16 1.1900323420088308488329549e-17 -2.4526300409890325338047035e-01 -2.2543431242165240177555141e-03 -6.1996516371419951862975495e-01 -5.4221647549627617276857272e-03 3.7470215961528696713145337e-01 3.1678216307461258202660126e-03 
5.8519826703378928500764999e-02 5.3788694892365049218113660e-04 1.4792387492757477773785979e-01 1.2937301448388406708428500e-03 -8.9404048224190554861046110e-02 -7.5584319591515179790480738e-04 -2.3141983129033305566224499e-01 -2.1271031372799326271405551e-03 -3.8852948154723621065897987e-02 -3.2847211159006830345427619e-04 
6.4284322215416120349651408e-02 5.6222543882111265800549660e-04 5.4185832812299272731593192e-01 4.6795099752402107354254390e-03 2.5431374060691624983121528e-02 2.3375332723103934011617266e-04 -2.0594979108670390125000573e-15 -3.3820377378453649225206759e-17 6.6466688401962869332095256e-16 -7.3902760737133100515244544e-19 
2.4526300409890783305044692e-01 2.2543431242118211824121410e-03 6.1996516371419208013548996e-01 5.4221647549517193453993968e-03 -3.7470215961528680059799967e-01 -3.1678216307399463015637142e-03 -5.8519826703379199117627252e-02 -5.3788694892658130749379941e-04 -1.4792387492757214095817631e-01 -1.2937301448454011781885598e-03 
8.9404048224193566341000405e-02 7.5584319591881640124780839e-04 -2.3141983129033150135001051e-01 -2.1271031372691912193773067e-03 -3.8852948154711554329399092e-02 -3.2847211157115634811917704e-04 6.4284322215400924172001851e-02 5.6222543878792273584071859e-04 5.4185832812298084792956843e-01 4.6795099752182890348595201e-03 
2.5431374060691080279950071e-02 2.3375332721677806999995008e-04 
14 (band)
1.7119748766263318540126193e+00 (Ry)
0.0000000000000000000000000e+00 (Occupations)
5.1725937423838808104648024e-01 6.6909124388206411598125842e-15 7.7511308074893525699167185e-01 1.1729474173675488442533775e-14 3.5710042651956530601609074e-01 7.9829570494583527120392894e-15 -3.5710042651956869219631585e-01 -7.7573856262651747424237964e-15 -3.5710042651956608317220798e-01 -7.9829570490841265649333041e-15 
-4.4748796524233386273650126e-02 -4.1150285323162167090266142e-15 4.4748796524228029447556310e-02 4.2907496447202776353462848e-15 4.4748796524230693982815410e-02 4.1150285324452333323537002e-15 -9.9226182825873444686452602e-16 3.6921129975726907795458670e-18 -2.6999549050766352698005335e-01 -4.4763846027313712636980266e-15 
-2.6999549050766474822538044e-01 -4.4365319081518306210571596e-15 -5.6104611677049271743919104e-16 -6.3949270400628870084795949e-18 2.6999549050766585844840506e-01 4.4763846026014908376797235e-15 -5.1725937423842449636168794e-01 -1.0596138777104608784727753e-14 -7.7511308074891194230815472e-01 -1.4175169013825280925090907e-14 
3.5710042651955986592327008e-01 3.9515069157525196151113870e-15 -3.5710042651956286352543657e-01 -4.1770783385947420454640093e-15 -3.5710042651956391823730996e-01 -3.9515069162409586217970809e-15 -4.4748796524233414029225742e-02 2.6195027364293792455474296e-15 4.4748796524230985416359374e-02 -2.7952238486833996165549690e-15 
4.4748796524230305404756791e-02 -2.6195027365432256792366630e-15 2.3037127760972002158094883e-15 3.6921130482693607065190640e-18 2.6999549050766696867142969e-01 4.5469914923219212400457717e-15 2.6999549050766619151531245e-01 4.5868441871445840805103232e-15 1.1540121500971112654491803e-17 -6.3949263829327303627732956e-18 
-2.6999549050766702418258092e-01 -4.5469914923680948465501680e-15 
