4 (index of k points)
0 0 0.5000000000000025535129566
14 (number of bands)
26 (number of orbitals)
1 (band)
-2.7190104414195148674338043e-01 (Ry)
1.8750000000000000000000000e-01 (Occupations)
3.6766083680631811425598698e-01 1.2490009027033011079765856e-15 1.0399200606200692531544405e-01 -7.2164496600635175127536058e-16 3.6082248300317587563768029e-16 2.0905243020263772346645226e-01 -4.9105916575697513612963635e-16 -5.7789064517653162978885232e-17 3.2944864075700044743885058e-17 -1.7765310304796223116790340e-16 
1.2490009027033011079765856e-16 3.1642805542180629796433777e-02 -3.8980173318552700659999654e-16 1.1812734685443069156991668e-16 9.2898734873366349797058186e-17 -8.5845128385520716613209475e-17 -1.8017869999391790836879013e-03 -3.4694469519536141888238490e-17 2.9429780292240949602139877e-17 -3.1381785283698759235631162e-17 
-1.5478059627345161564961772e-16 -4.3409830280995828111780059e-17 1.9369136406540941636778428e-16 1.2109268577064516638175954e-17 -6.9388939039072283776476979e-17 2.3263730465753230947090202e-02 2.5997547088247963120721806e-01 2.5997547088248018631873038e-01 7.3533452675630939232576111e-02 7.3533452675632091088964160e-02 
-1.4782239101981428652798911e-01 1.4782239101981320406054010e-01 -1.1209806435617096569279593e-16 -1.0657851158018536917005746e-16 -3.0578992665608547659391384e-16 2.2026711716976310757786157e-16 -2.2374842374643998804684131e-02 2.2374842374643849618465197e-02 -1.3358271551790246601630193e-16 -7.2239578280879154937946395e-18 
-2.7823877753248350162938190e-16 -2.0199895342196256583442240e-18 -1.2740558059110462969798494e-03 -1.2740558059111636076549123e-03 -3.2687343290552129233623216e-17 5.2827906418062881891218024e-18 7.1471074901194934433016664e-17 8.9032483631575533449043839e-17 1.5822460390881561693564306e-16 1.6415134393947016000924486e-16 
1.6449941568030198441041634e-02 -1.6449941568030097827080027e-02 
2 (band)
2.6185482861091552431176410e-01 (Ry)
1.8750000000000000000000000e-01 (Occupations)
1.6742707762940595150880085e-01 5.5511151231257827021181583e-16 2.2556083408960336811333036e-01 -4.9960036108132044319063425e-16 -1.1379786002407854539342225e-15 -4.3634896343845297472796574e-01 1.1670120950920068416310753e-15 2.0850949743958398488746456e-15 -8.0540128108935399679714482e-16 1.5652032354291643749131649e-16 
-7.2164496600635175127536058e-16 5.9475382033825130445592322e-02 -3.4785589564958923391729125e-16 2.0540419042394231072397141e-16 -2.9540183970130224757827333e-16 2.3771251764709367815479227e-16 -2.8584037145740481822286938e-02 -3.2959746043559334793826565e-17 1.8090913615179250980577046e-16 -6.4894883703309357903664895e-17 
-4.8019995025571483597640513e-17 2.4614789630849719192799587e-16 3.7735442217921328820725828e-17 7.6940604893842538990463148e-18 -1.0061396160665481147589162e-16 -8.1375081954587480392859788e-02 -1.1838882194599928410205791e-01 -1.1838882194600185149280236e-01 -1.5949559535485052785830362e-01 -1.5949559535485041683600116e-01 
-3.0854531101105414636620594e-01 3.0854531101105270307627393e-01 3.0977484562820156033811046e-16 -3.6003673655514641108456284e-16 -2.2216552106306070938993319e-15 1.0877220878451878529433492e-15 4.2055445949777968406291251e-02 -4.2055445949777676972747287e-02 1.3424064523416169477746945e-16 2.5784008769573694920614915e-16 
1.8981874810974808888668434e-16 6.0120953514746792816504977e-16 2.0211966499441479105936281e-02 2.0211966499442120953622393e-02 9.4361115806491862990419648e-17 -1.9984537555522666067853929e-16 1.2721126913317966278097322e-16 3.4334009206268367346547284e-16 -4.4424705207972737267837769e-17 -2.5682568223863233696153693e-17 
5.7540872269700872598807706e-02 -5.7540872269700248098356354e-02 
3 (band)
3.5595943490446019241701947e-01 (Ry)
1.8750000000000000000000000e-01 (Occupations)
1.9347745453008664717982441e-15 9.6703251334326982391820970e-16 8.1109598553653392241096894e-16 -4.4557372566080667280856244e-16 -3.3950940860582282757677344e-17 -6.5643069764104297726307345e-16 -4.6869989171901943469933371e-01 -3.6192544702174495041546720e-01 7.1839753831599406641572614e-02 7.3514308225322871903628652e-02 
-2.2155603040135395927198994e-16 3.4590396061461695051742710e-16 5.9348771914002507177343659e-02 4.7338392628460457256522886e-02 -4.9799049024349673064904209e-03 -1.4946640273742064358719617e-02 -2.0643295639078775327660120e-17 1.5966948589319947767729435e-16 -4.4529374148220869644720921e-02 6.8173665662221050176583503e-02 
-1.9604352801296062724922820e-02 -3.2571886437553876358919069e-02 2.5176904180152852432226884e-16 4.0714268694394053119607631e-16 -2.5782526875139229470813415e-16 -2.0566171298072696477690456e-16 -1.1414130593789240746601841e-15 -2.4602672286999262122164130e-15 -5.8589643500376874929104107e-16 6.6796308165161150134962995e-16 
-9.1834946858631463624103516e-16 1.2229485126892782545029700e-15 -8.2222449110539622130211512e-02 1.3650708250606619076350512e-01 5.7125864997477437956518997e-01 -9.7487237937557452704950833e-02 -3.1677345344655142695459600e-17 -1.1410755463721649313217358e-16 9.4182518333065269600101743e-03 -2.4243096570098158354378270e-02 
-7.1784508877115085767606217e-02 1.3489059975580469999401068e-02 2.0438088937850490165805934e-16 2.7796804395686498290026875e-16 -1.7535536470926021274108209e-02 1.7296222143725972081318432e-02 -8.0277907582424097576723199e-03 -8.6050406869978238177942842e-02 -4.1458304646171860546420446e-18 -8.3926428207072957659266449e-17 
5.5468335817375974826487784e-16 -2.8788924716401513510301684e-16 
4 (band)
3.5595943490446046997277563e-01 (Ry)
1.8750000000000000000000000e-01 (Occupations)
-1.2945955664725912871288627e-15 3.5617564060655731691103255e-16 1.9662393515422968735219593e-16 -8.6557674576822859340251419e-17 8.6136126685353758645605900e-16 -8.9785414692086824667374213e-16 9.5762758663534827685559492e-02 3.7346991814368624140740849e-02 5.1646390422575028100737882e-01 2.8971477927645750138907488e-01 
1.7294764143211979176729051e-16 -7.1751904233023431961968303e-16 -1.5703501361025412608185547e-02 1.2655249164575388398645828e-03 -6.6786327984059756790458096e-02 -3.6094134409234424065715530e-02 -2.4003668072368818310122475e-16 -1.8872016913894452363061406e-16 3.7645799012626511570456245e-02 5.2964376291598502799473636e-03 
4.5314543128226726642626687e-02 -6.7654312744545030966492050e-02 -1.6913336320291957321920815e-16 7.8866951611834546787388851e-16 9.6310010017555585944227691e-17 4.1831431133822783074908078e-16 2.3998231952824104595089448e-16 1.6917245016233402402027787e-15 -3.3004147518593891853892874e-16 -5.6525105480413596622497703e-16 
-3.6585500427775475461386145e-16 8.6391561239267956157632151e-16 -5.6385737539528424377976989e-01 1.3380981632166027983643630e-01 -1.2907989279800105575368718e-01 -9.3451035239369234508544082e-02 -1.6027638799614038236844403e-16 6.3603312095025803362018080e-16 7.1339181012633243184062337e-02 -1.5674556012851479508407593e-02 
1.8153271025468663973923000e-02 1.8624981878610172986165949e-02 5.1132822422258646954240154e-17 3.9238920588071478165046253e-16 2.6282416229386727779537836e-02 8.2330750902031596405450387e-02 2.2905163138666414374133851e-02 9.0558180944296656766923093e-03 -2.1160131875749253789968968e-16 -4.1299072606197332590477764e-16 
-2.3003627019584804932105715e-16 1.9368337823622027316145936e-16 
5 (band)
5.9567867052220835333287141e-01 (Ry)
0.0000000000000000000000000e+00 (Occupations)
-4.1040924340122852953527399e-01 -1.9984014443252817727625370e-15 -1.1052624841475366945786618e-01 2.7200464103316335240378976e-15 3.8302694349567900644615293e-15 4.7593159313793120812619009e-01 -2.6131754837839634386085000e-16 -2.2276887607554525887589613e-16 3.9020349122083262985616485e-16 -7.9735843070812108050998835e-17 
5.4817261840867104183416814e-16 -1.2182293939582145014810521e-02 7.7257563453951291887379003e-16 -1.1919947712497817788043982e-16 -7.6951390480633173057517573e-17 1.0258789551103941891141703e-17 -9.4920338057375958085160050e-02 7.9103390504542403505183756e-16 -4.6274761301971685986381578e-16 -1.6132967605722165740291788e-16 
-1.1211130469854161038352155e-16 -2.0054119265470430880163807e-16 -7.6324041853417616303723732e-17 8.0464788577243510129255611e-17 -8.7430063189231077558360994e-16 -1.8579433761204081076989780e-01 -2.9020315907066307481443346e-01 -2.9020315907065413751908522e-01 -7.8153859753177082336783599e-02 -7.8153859753179552583013390e-02 
-3.3653445688874572550020048e-01 3.3653445688874550345559555e-01 9.3730544563789508648713023e-16 3.8444597336683408708256830e-16 -2.8788218596785369801031463e-16 -8.3131998062214419601927938e-16 8.6141826550846269106020969e-03 -8.6141826550845609911100098e-03 2.1857630389455596911387410e-16 -1.9196031069986005069366097e-16 
3.1945885498087079099311258e-17 -3.3542591184588916487944453e-16 -6.7118814712894658836006556e-02 -6.7118814712894186991221090e-02 -1.6411204128534510577208218e-16 2.4782901323675211263691867e-16 -1.4236034257174216358828343e-17 2.4029517947053057246760103e-16 -1.4510777119335585470319648e-17 1.0216968733459472559593325e-17 
-1.3137643603153381643977582e-01 1.3137643603153370541747336e-01 
6 (band)
8.1667774248558033800549083e-01 (Ry)
0.0000000000000000000000000e+00 (Occupations)
2.9368009118111038091569753e-01 -1.5543122344752191565930843e-15 1.9932698083128019828080824e-01 1.2767564783189300214871764e-15 2.2204460492503130808472633e-16 4.1644893190062631793679770e-01 -5.2307975076399951733394652e-16 6.6943762300181268557985983e-16 -4.2007657350637208316381095e-16 -2.4534173363869413462154103e-16 
-6.9388939039072283776476979e-17 -8.8007519095806840958573503e-03 8.1857983527593369507157868e-17 -1.0456440132080681716925088e-15 -6.0085534606044669878476748e-16 -1.8636321868666723633321573e-16 3.0273211219577828012816667e-01 3.9551695252271201752591878e-16 -9.3815475679321100100122250e-17 -2.8256025073724401509965002e-16 
2.3086577381528772014627976e-16 -3.4679926533098332555833074e-16 -1.2282638169757377026221351e-16 3.8173073229120149387873981e-17 -3.3306690738754696212708950e-16 -1.8003230743111936495992609e-01 -2.0766318397364588732578738e-01 -2.0766318397364494363621645e-01 -1.4094545981923445321370991e-01 -1.4094545981923617405939808e-01 
2.9447386376483070113962981e-01 -2.9447386376482914682739533e-01 -1.6666706716415238947696997e-15 8.2010130577491287411241461e-16 -7.6037731271450196213964454e-16 1.3274104719144631828790250e-15 -6.2230713548069973087284446e-03 6.2230713548069140420015977e-03 -7.5879369554391680878511810e-17 3.0153692779415550897099349e-16 
-1.4633003405561156513198162e-16 -1.2551982248555284952979145e-16 -2.1406392941655993933380842e-01 -2.1406392941656202100197959e-01 1.6735475929010000740708492e-16 9.4071075272157305051158593e-18 -5.9108865117045417791927339e-16 -9.4998644206421004368057162e-17 5.7219329358314907381820393e-17 2.3673789975856831691360019e-17 
1.2730206541720920365712288e-01 -1.2730206541720773261161526e-01 
7 (band)
9.6384650787688319617529942e-01 (Ry)
0.0000000000000000000000000e+00 (Occupations)
-3.0574115463472606668178557e-15 -3.1522326286633302850026566e-16 1.9420533551526148649153436e-15 -5.9241018648848868741684964e-16 2.1595685101345476990590823e-16 6.5624328809805674144054516e-16 3.0057205503080863806530942e-01 2.8664277193678200372772835e-01 5.3120387891493148213584163e-01 -3.1668370379244276113794854e-01 
1.7795274268680104126633520e-16 2.7801015584067163974243244e-16 -1.0618967654683830748041373e-01 -1.3766806798770514497221029e-01 -5.3262634667131325549860321e-02 1.1157180481262463089819903e-02 9.5518979234352148602909814e-17 3.8531254427244604004567795e-16 -2.1459966897312660050189947e-01 1.6963924225603513318283433e-01 
3.2563674805439091208825175e-02 1.0475673630738978336918166e-01 8.7027511077420801704391212e-16 -5.5646440471748620002791692e-16 4.2090668529274724370396313e-16 -1.8424600065883216502360631e-16 1.4239497097683614948615672e-15 1.8899315226695100840179342e-15 -2.2709183548357131397468414e-16 -1.1358232914815973186768811e-15 
-4.8011258172636554411882469e-16 6.4801473845095396088030575e-16 1.4685557267647622592399159e-01 -4.3501896738673928588525541e-01 5.8534246469373774068856164e-01 3.9241636114125996726009760e-02 1.7934726717440956270025446e-16 7.8896218898006823158175461e-17 -3.3542140945591797374092380e-02 1.7385883234454502233035100e-01 
-3.9766348743694723832931004e-02 1.6025104702850557353288607e-02 2.0136911611112406261633767e-16 -2.8078676567431940001602574e-16 2.7478982348817854175493380e-01 5.6267928174276921060581458e-02 2.1226382376141560842652822e-02 8.7970284828000830379401975e-02 -5.3166994700765882270765944e-16 -4.0232366648142381298994014e-16 
2.3792970896620055039169253e-16 1.3966217203507616777620345e-17 
8 (band)
9.6384650787688375128681173e-01 (Ry)
0.0000000000000000000000000e+00 (Occupations)
-3.4919547454671407550222923e-16 -1.4085021111156405449366209e-16 6.0512054115920325447554230e-16 5.0944792138626132927186251e-16 -5.4756491142308887242692357e-16 9.6088692458513753892115562e-16 2.5573738007330049093468460e-01 -5.6308482634076328920968990e-01 3.1824712339183974796341658e-01 2.6688275969396146880541210e-01 
1.0861362862950977110214896e-18 1.5799141041119490257033995e-16 -5.1736070834748071334274755e-03 5.4172176601294447229051343e-02 -1.4860851114456768984339874e-01 -9.0245524897272444420082138e-02 4.2763879311051740455265365e-16 -1.1134782323178970052619226e-16 1.0772489700074860952128120e-01 2.0729526882891022299126860e-02 
-1.4475977679315613078081526e-01 2.3211009771092117048851833e-01 -2.7704355995813954107088957e-15 1.1420512501315361083755396e-15 -2.2368311528730767687331170e-16 -8.7745677095219529839401384e-17 -8.7596594561140117513581127e-16 -8.6912191976104284920882101e-16 -1.3846021412757027306937674e-16 -1.2362320334018423553821890e-16 
-7.7370003800303206844898071e-17 -4.9549811555457573375836756e-16 5.7736471534009392581054954e-01 -1.0399852142653488729084899e-01 -1.9425417069834907679570790e-01 -4.1602088694998795581625473e-01 -5.2725169274389609938806241e-16 7.1676186270024829322863901e-16 -4.1299921213283366516755279e-02 -1.1510125147848229709701684e-02 
5.2640915724634640415757758e-02 1.6905887375436570718711948e-01 -5.1135804556814092488060930e-16 4.2583491565354449961526658e-18 -1.1326409834121024811093292e-02 8.9783310040158562093104422e-02 2.6684204672470829278196902e-01 -8.6434072757560903577100930e-02 1.6536861713549255566544052e-15 4.5209255566490911344141896e-16 
1.4598003366880937699654704e-16 -5.1397636191872240468772473e-16 
9 (band)
1.1911549770270875026056956e+00 (Ry)
0.0000000000000000000000000e+00 (Occupations)
-7.0570117195972137391635215e-01 -9.9920072216264088638126850e-16 -1.8591694151056598061089176e-01 -1.7208456881689926376566291e-15 2.2204460492503130808472633e-15 -4.1047115476648804444081975e-01 5.8839978673222169329097248e-16 8.7116714606258541876645277e-16 2.1574683337015422810127708e-15 5.8012141288605195086216542e-16 
-1.1102230246251565404236317e-15 2.1421342432054374382843775e-01 2.8300703662008539530754164e-16 8.2747012583596318924477804e-16 1.0814141956419884038697968e-15 -4.6334607736152320053959223e-16 2.6436905552165829158539623e-01 3.7470027081099033239297569e-16 3.7263457372307096826381369e-16 -1.7727689054835985670732240e-16 
2.5609409230314640610497201e-16 -3.5294341410762777285477011e-16 -5.5637881118309769026120792e-16 3.0041001041284792167483480e-16 6.6613381477509392425417900e-16 -2.5732722207085845234075805e-01 4.9900608418401681820597560e-01 4.9900608418402137012037656e-01 1.3146313007957938223668748e-01 1.3146313007957816099136039e-01 
-2.9024693701684733948553685e-01 2.9024693701684750601899054e-01 1.2191223325643345174826385e-15 -4.6651442533801324427687472e-16 1.0332782703346020731438025e-15 2.2381349568668936048509102e-16 1.5147176495824996034222920e-01 -1.5147176495824923869726319e-01 2.1309674557477169363275229e-16 -1.6175725647332335753033580e-17 
4.0472505695752508023888044e-16 -6.3147948753876536602560889e-16 -1.8693715189524676145715887e-01 -1.8693715189524853781399827e-01 -3.8542725768249915841053332e-16 -1.4185807001300627423160148e-16 -1.9399212676944581023535729e-17 -1.0969605686859396397898008e-15 5.2599418908958847653552129e-16 3.3633062897432834555845222e-16 
1.8195782371020066681133187e-01 -1.8195782371019875167661439e-01 
10 (band)
1.2908575129690149640993013e+00 (Ry)
0.0000000000000000000000000e+00 (Occupations)
-3.4526931511581416113867742e-16 -9.3767901225028436876699129e-17 -4.8331015616767342067330993e-16 8.3479951697021552577039034e-17 6.0033884636312765276119628e-17 4.4943326426579008843912438e-17 1.4362765539296628437779982e-16 -1.0314265782578351079993350e-15 -1.8127522640993714164635009e-17 1.5531956945916397043602503e-15 
-2.0355196752667125411206483e-17 -1.2966353328782205002054393e-17 -3.8028447697498064641906323e-16 7.0610179950911774025294426e-16 -1.9026814085731400757294226e-15 -5.9411013474365381085634338e-16 8.9249879376063998586320204e-16 -4.8053041949523585103627340e-17 -1.0744491324973008079288481e-16 3.5775765852103602815703477e-16 
-2.1690876172412338473417858e-16 -1.3951116292027635673788682e-16 5.9085083871478882855399206e-01 -2.1845111240830505927590366e-01 2.7505924827125171943350883e-17 3.9723456945518210377484396e-16 -3.1084938671794324123204499e-16 -3.2716891396307305386664232e-17 4.7643757822739932176155002e-16 2.3345706365112800726613888e-16 
-8.8582379996273073140419815e-16 1.0814690182265365339888849e-15 2.5779540798627721891717917e-15 5.6494363298440694365197764e-18 -2.2378421112701939590457220e-15 -4.1944856644787412613613841e-16 3.0063865650143288249925100e-16 -2.6350069809828267614046447e-16 4.3237349481335114625095508e-16 -1.7447410106073422782132026e-16 
-3.5118781184436221297084890e-16 1.5297899799768679937943672e-15 -9.9519303543313576639289097e-17 -1.5555695379593888452898816e-16 -1.6446021206715288442248425e-15 -2.1683076584659593430931174e-16 1.6128650910834438650264512e-15 -1.3781161658272292241097981e-15 -5.7226289766664106828386593e-01 -2.6332637178332901628508012e-01 
1.3655692283958852816390355e-16 -1.6689588334938898181478821e-16 
11 (band)
1.4746208276747341248125167e+00 (Ry)
0.0000000000000000000000000e+00 (Occupations)
-4.5005755682867243372413668e-01 -6.6613381477509392425417900e-16 -4.0505023710954268789663502e-01 -4.4408920985006261616945267e-15 3.1086244689504383131861687e-15 -5.0257407748733529118112529e-01 1.1646546241470278341528462e-15 3.1620062668630701174164369e-16 3.3803598509991810790473117e-16 -1.5192156750116477803486873e-17 
-2.7200464103316335240378976e-15 4.6776550546117356965680756e-01 9.9324826666660122478626503e-16 -7.3100994193745621897979980e-16 1.0236355693078737679500384e-15 -6.4513041265677705042069369e-17 7.7295409141215604131858186e-02 2.4980018054066022159531713e-16 6.9616613632186753145148030e-16 -8.8848600514431845084735134e-16 
4.5119436743272401288032034e-16 -1.9422862042457988282178685e-16 2.0835895177721639041499721e-16 -7.0265275380953645274024179e-17 1.1657341758564143674448133e-15 7.1318541702981047558651539e-02 -3.1823875035781606923634968e-01 -3.1823875035782334119716097e-01 -2.8641376938137136365369884e-01 -2.8641376938137103058679145e-01 
3.5537353823987311018939295e-01 -3.5537353823986872480844568e-01 2.8673330568194148234145848e-18 -2.6325044656806182092765262e-16 1.8162089175018516346425247e-15 -1.9011683818472268526252831e-16 -3.3076016091675053409915108e-01 3.3076016091674564911784273e-01 -5.4014374336038480692603350e-16 9.4279199466525389355841910e-17 
2.3439953446818203260206003e-16 -5.1915922652874624951690386e-16 5.4656107958342622921144027e-02 5.4656107958343184971550244e-02 9.6904811861726545774243727e-16 2.6825861195610757021447489e-16 2.5057625966760234364010132e-17 -5.1219749825082940561547836e-16 -1.5790848053917722241072562e-16 -1.6413105031536339242019791e-16 
5.0429824462513518634754206e-02 -5.0429824462510569604845045e-02 
12 (band)
1.7845831351677015064183252e+00 (Ry)
0.0000000000000000000000000e+00 (Occupations)
-5.1642981348775138255970252e-15 4.8060308944397789464915207e-16 2.6268253597956654777724029e-15 -2.2999910700989250623346531e-16 2.6732429946555757172161662e-17 -6.4435837332343744728003333e-16 -1.4357241819495003554152390e-01 1.2239757494039887886216889e-01 4.8521606841808617716083063e-01 -8.6436980773780813791518085e-03 
-5.7079423550692041896441125e-16 5.5651473871127223405237387e-16 4.0603958521900962441719685e-02 1.9608860289591023562394412e-02 -1.4748273593050420515737642e-01 -1.3417365434950978553274581e-02 5.8381244376918999633828917e-16 -3.2837698158247605296612297e-16 -5.9888053099520299760172293e-01 8.0197725805538910837100275e-02 
1.9035830364016403937199584e-01 -3.9726347281391699572949960e-01 5.1930283766297319952725144e-16 -2.5152939786813680841213581e-16 1.6056440707894880515238071e-16 1.0279485354032435443926782e-15 2.3974083665206484526302465e-15 1.8489397315457032021803556e-15 -1.6388627770403842582970798e-15 -1.9842552939084023640698947e-15 
2.2727840770620095161560296e-16 1.4372418708920345622053182e-15 2.9882052662281194388427252e-01 -1.1450320693536264471390496e-01 -3.3024526806060605643722283e-01 -2.4420672304250340411968523e-01 -6.1395391237357353519370397e-16 8.2097907359742636290436933e-16 -1.0941210378300203487356157e-01 6.7977774271926583171676839e-02 
7.8603916967939335691539782e-02 3.4551554673800471961797598e-02 -3.6550300585284834616806746e-16 -1.7862480358965579157558612e-16 -5.0196871504066764568818826e-01 -4.7334763827211601139310915e-01 2.8828391495788546761147586e-01 2.4337349068797812373654565e-03 2.2326225136702048655496902e-15 1.8835982433333159786015135e-15 
-1.5167156780419698859132121e-16 7.4135950715771941190853603e-17 
13 (band)
1.7845831351677019505075350e+00 (Ry)
0.0000000000000000000000000e+00 (Occupations)
-5.4088541369066211600821509e-16 6.5304282683631785168518201e-16 -2.9973534735706556764560399e-16 1.5875645400942744752985522e-16 -5.5915719348161059789591528e-16 -4.4641892291508486361012041e-16 -3.1766439919809519309978896e-01 -3.6687692220916645613471019e-01 -4.8086362386426384496473929e-03 -1.8860297620971311349791222e-01 
6.9201672699003805668009478e-16 1.0753116935849659643995727e-15 1.0849556053048203807520622e-01 1.0079631162864299831483095e-01 4.1714309486734713061650837e-02 1.7120316397482182591005540e-02 4.5969368040238010888011888e-16 4.6749650902700322276735320e-17 -1.6849939824989706993463301e-01 4.0701658858866807122467435e-01 
3.4033455384126914955444931e-01 4.9926141157828507477489666e-01 1.9401245787915773309722371e-16 -1.2893886555134702329297378e-15 7.7490082246563917065898451e-16 -5.2867709483411978273902370e-16 -7.4879452945624375730835925e-16 -1.2030690660355872249810005e-16 2.4094060235067002731608490e-16 5.6781539065331810140000445e-16 
2.4612023450373973410574116e-16 -2.0737118850312680620375311e-16 -8.2655948097968168220006646e-02 4.0232680112018992524269834e-01 -2.9886742070706884266684256e-01 1.1438075174399117694967742e-01 -2.5155170447740765873628403e-16 5.3104152237314561376682096e-16 3.5419443093214347806352293e-02 -7.8216678170616310561413798e-02 
1.2683109784247437179516282e-01 -2.2491306526317530328773486e-02 -4.5353721854199786759512467e-16 5.2799227685836096212768302e-16 -2.1291862897605751125951201e-01 1.9436871179281364763191675e-01 -5.7401236699506169580686787e-02 6.8755776161915094224497125e-01 3.2411474099048378287162323e-16 -8.8300429994203693202623303e-16 
4.2265601064276749180887616e-17 -1.3279224913649810973637052e-16 
14 (band)
2.1333399478416277261771938e+00 (Ry)
0.0000000000000000000000000e+00 (Occupations)
-1.9861582964610702273233755e-01 -1.3322676295501878485083580e-15 -1.4828974795338600856098310e-01 -1.1102230246251565404236317e-16 1.3322676295501878485083580e-15 5.3098704772179028399392564e-01 2.1805905427343359641232145e-15 -1.2130868972037566214915166e-16 4.4850286734626281012765439e-16 3.9838327886214405033926434e-16 
-8.6042284408449631882831454e-16 -8.1515349130492825713290017e-02 6.3013918836363049106760987e-16 -6.4537063765749288141691779e-16 -2.9553037034396329749877309e-16 -2.3663337406603152845331682e-16 -5.3765270144622245851451225e-01 -1.1102230246251565404236317e-16 -2.0015382606637094012308828e-16 2.0330135168374010486939321e-16 
8.1853008808089300623551476e-16 -7.3648879650959941387917687e-17 2.5587976274350964878960368e-16 4.2223394042729971333164103e-16 -2.3037127760971998213790357e-15 -7.4227386786639393267961395e-01 1.4044259999376285108496631e-01 1.4044259999376151881733676e-01 1.0485668635828121475483954e-01 1.0485668635828143679944446e-01 
3.7546454216631003353299434e-01 -3.7546454216630908984342341e-01 5.1583213332660193663624821e-16 6.2845143348142769424539267e-16 1.4004579077335575196324957e-15 -3.3758103561744741199538164e-16 -5.7640056140959509967114371e-02 5.7640056140958059738288455e-02 -5.5619282983741217282542187e-16 1.8450713076357913448228903e-16 
1.1932329840341981064875051e-15 5.7464298144567720495724292e-16 3.8017787111589507187403569e-01 3.8017787111589546045209431e-01 -8.4810143676896856805631159e-16 -5.8998713575666125122766717e-16 -1.1803630252869138019497878e-15 -6.5741893139204834577902667e-16 -6.0821049008581069883428358e-16 2.0264758184203615624166305e-16 
5.2486688546588977644091756e-01 -5.2486688546588577963802891e-01 
