6 (index of k points)
0.5000000000000011102230246 0.5000000000000012212453271 0
14 (number of bands)
26 (number of orbitals)
1 (band)
-2.0176359307322130898221246e-01 (Ry)
3.7500000000000000000000000e-01 (Occupations)
-3.9565178752846946741428269e-01 -5.0352814695763688541867492e-16 -1.2572948551414703244333282e-01 2.8387041857991462652633736e-16 5.5465658030588116389481002e-02 -6.9335102749301535452130492e-16 -3.0890570093804506285564049e-16 1.3707620327118957836987079e-01 -7.1805475178238993359750815e-16 1.3707620327118952285871956e-01 
-3.2473332977280666700181655e-02 -2.7706634052621326801471997e-16 1.9135706145937872580264478e-16 5.0139321551333475984746357e-03 -2.1086765246358065020694360e-16 5.0139321551335427548656831e-03 3.8525530218479070443393653e-03 8.4941532050312282404902577e-18 -2.4384450968696057769852982e-16 1.9850238180563348211471464e-02 
-4.9825223250952833330410930e-17 1.9850238180563254536403761e-02 -2.3057967938268459012064380e-16 4.1628896254916852471234564e-17 3.1126852142928193578619300e-02 -1.5383042454691980919164376e-16 2.7973955897882500736347307e-15 -3.9565178752849139431901904e-01 8.5788125284010280522808211e-16 -1.2572948551413842821489197e-01 
6.0889521451093697239441384e-16 -5.5465658030588699256568930e-02 -1.3707620327118918979181217e-01 -2.9505089502335222404166709e-17 -1.3707620327118874570260232e-01 -7.7901372043629523373956851e-16 -2.3622829461684567908776317e-16 3.2473332977278279720678711e-02 -5.0139321551348949718152070e-03 4.8680132545857973391310391e-16 
-5.0139321551342166949361001e-03 -1.5907069038587635389244012e-19 -1.1837104037296774012581659e-16 3.8525530218478450279750991e-03 1.9850238180562900652814662e-02 -3.5280607056984459611303046e-18 1.9850238180562782691618295e-02 -1.3783234763881189405937916e-16 2.0987902690334712325552373e-17 -1.3420283396946460347511188e-16 
-3.7723925574450150967496143e-16 3.1126852142929262168280502e-02 
2 (band)
1.1873194366362367635492348e-01 (Ry)
3.7500000000000000000000000e-01 (Occupations)
1.7350446029828031635489083e-01 -2.6966114212536119883965770e-16 1.8525267061553074565694033e-01 9.1769391860558048582115932e-17 2.6351469659533538480999937e-01 -2.5954180017594550918247269e-15 -3.5652524174318085555947862e-15 2.2285142685433689813123692e-01 1.4206019910098112664694876e-15 2.2285142685434569664870708e-01 
-3.6164759081833752762946688e-02 1.0161567030218406900469752e-17 6.0134189283230566427688216e-16 -7.3661521782492954749099745e-03 -5.5520526843844497362007896e-17 -7.3661521782500396712811686e-03 -2.0434044505373994554675576e-02 -4.9186073195385851552978440e-17 5.4329897874440535842241883e-16 4.8152194840101893158479385e-02 
9.6489761281425220429178636e-17 4.8152194840100651096470585e-02 7.6833886775540908517341324e-16 -4.3048832696324284411324540e-16 4.8995735556712216585140141e-03 -1.4243138410775017220892029e-16 -1.0673984046563874153861773e-15 -1.7350446029828237026748639e-01 8.0467340968045916541065601e-16 -1.8525267061552647129829552e-01 
-4.0809840222386180064813378e-15 2.6351469659533538480999937e-01 2.2285142685434225495733074e-01 1.1485713241619755113201039e-15 2.2285142685434902731778095e-01 -2.7810514061072359387141699e-15 -1.1105503337668713776433530e-16 -3.6164759081830984144279029e-02 -7.3661521782477333564198574e-03 -2.6227845500754962186595182e-16 
-7.3661521782491645032875383e-03 6.7445638871301679821584936e-16 -1.7229585933204660659789601e-17 2.0434044505374501093930562e-02 -4.8152194840102399697734370e-02 -7.8893120852810719488127039e-17 -4.8152194840101601724935421e-02 -3.7645810519808406154034743e-16 -1.8138364027285548584068266e-16 -6.7840012298086950848821142e-16 
6.2066729116977341832815966e-16 -4.8995735556713057926025989e-03 
3 (band)
2.1136699004026882064977144e-01 (Ry)
3.7500000000000000000000000e-01 (Occupations)
-1.6810367003695259047191257e-01 4.9671013718662085804444236e-15 -4.7986304427635406710805910e-02 -1.2872349528752427026182502e-15 3.6451134173283672446075343e-01 -1.1483585415144504466503072e-14 1.0420278450490684172606803e-14 -2.2065896095437251278603696e-01 -1.5266044426404629017916759e-14 -2.2065896095441711599605128e-01 
-4.3289507385126338445680005e-02 7.5184293780908740648591097e-16 -2.0779808309309061019140584e-15 2.6508007237710573544831050e-02 2.8181513222315920573065961e-15 2.6508007237717359783069071e-02 4.3117178860266898443587280e-02 -6.8155708724107169901006939e-16 -9.1904480193229581945240746e-16 2.9360064866882473744169602e-02 
2.7887395689767390456347078e-15 2.9360064866886793205624784e-02 -3.9772068685395040689955512e-15 1.9109554167973740468686342e-15 4.0404926893963966083589412e-02 -1.1614804375530690514303658e-15 -4.4124914259995141585029790e-16 -1.6810367003696463639172975e-01 -3.5397288555714617275709214e-15 -4.7986304427629411506472934e-02 
-2.8074282755183883673730890e-15 -3.6451134173284216455357409e-01 2.2065896095441500657230449e-01 -1.8228075737264953910839030e-14 2.2065896095436990376192909e-01 7.9510353906164695157486593e-15 6.4856662216154280051090785e-16 4.3289507385124728622294299e-02 -2.6508007237717519377628861e-02 3.1131715049520776708252231e-15 
-2.6508007237710067005576065e-02 -1.6875338793707447089172720e-15 1.0446708013377190909305853e-15 4.3117178860267009465889743e-02 2.9360064866887698731279244e-02 -1.5196713468215889441800602e-15 2.9360064866883101714067905e-02 1.6080481829378490615870285e-15 1.8524265940420213480948245e-15 3.8960474934711310927177829e-15 
6.3247218057723240360044278e-16 4.0404926893965312229006770e-02 
4 (band)
3.9967418379998626010163321e-01 (Ry)
3.7500000000000000000000000e-01 (Occupations)
1.2814634576861219976643410e-14 8.9205415119955925944347362e-16 4.7570449160731438820063601e-15 9.2211618048763079985674449e-17 -1.7684957253343396666695583e-14 1.7461205988946379947070682e-15 2.1141967290515834010378171e-01 3.7778131022765171209698565e-01 -2.1141967290515878419299156e-01 -3.7778131022761940460696906e-01 
1.8957987287912576152843382e-15 1.3335944974615844665754474e-15 -3.6052986888097687812049230e-02 -6.4422314333611674364021837e-02 3.6052986888096910655931993e-02 6.4422314333608121650343037e-02 -2.7381627463979753215823201e-15 -5.4238428745695409578355703e-16 -2.1790675386261920687402949e-02 -3.8937293701426040071211787e-02 
2.1790675386261726398373639e-02 3.8937293701422709402137912e-02 -6.3992542002118624200335262e-02 3.5812471215966160120736106e-02 -1.3037066362746286829160664e-15 2.9773097967452445035079554e-16 -3.1779910306258956601435450e-15 9.4235647663222069657182057e-15 6.9303870016968728784273768e-16 1.6362366921206148437513986e-15 
-5.9437993196713828231966195e-16 2.3266302844186612325849288e-14 3.7778131022762695412353651e-01 -2.1141967290515761845881570e-01 -3.7778131022764871449481916e-01 2.1141967290515462085664922e-01 1.9484790386926742038936434e-16 -2.9295106347432826057545459e-15 -6.4422314333608107772555229e-02 3.6052986888095793494013463e-02 
6.4422314333610647407724059e-02 -3.6052986888096591466812413e-02 -3.3396058186918942414140312e-17 -3.2622043494359416181148757e-15 3.8937293701423819625162537e-02 -2.1790675386262059465281027e-02 -3.8937293701427955205929266e-02 2.1790675386261632723305937e-02 3.5812471215966507065431301e-02 6.3992542002118388277942529e-02 
-9.3478129505478494981135441e-16 -2.9240532380234822430892263e-15 
5 (band)
7.1809291847109757433997856e-01 (Ry)
0.0000000000000000000000000e+00 (Occupations)
3.1757463700879501322660303e-01 8.6817049510758719122169695e-16 1.8880921321032884119262008e-01 -6.9348348738262789346434759e-16 -5.2025466325797520283913400e-01 -1.2565911495197296116288335e-15 -7.8905080259891835145453768e-16 9.5006645008639117877535796e-02 -2.3619583952538827726591955e-15 9.5006645008642226502004746e-02 
-3.5672838598081360594882483e-02 2.9562296698605920840970852e-16 -4.4365525578807466860396780e-16 -2.5800028347195191891216837e-02 -4.3991800414806160089039022e-17 -2.5800028347194858824309449e-02 1.5806666719921891317568452e-01 9.5130626968129580771750238e-17 -5.6710129578547950095623759e-16 -1.7310381624706782516254222e-02 
-1.9574271413960815188710278e-16 -1.7310381624707160685971985e-02 -1.1001271373293140806126304e-16 -3.0326912583219397673056755e-16 1.9873855345796384574974525e-01 2.9538346028404026286687222e-17 2.1355050686149566420722180e-15 -3.1757463700880061985287739e-01 2.0884830508851025379236868e-15 -1.8880921321032345661095064e-01 
5.2781798187116482877722482e-15 -5.2025466325797409261610937e-01 9.5006645008642809369092674e-02 9.8867237562414903241869386e-16 9.5006645008642864880243906e-02 5.6043335955154490501622784e-16 7.7044887524810437853957312e-16 -3.5672838598080951200142152e-02 -2.5800028347193637578982361e-02 3.6570046109349445552075893e-16 
-2.5800028347194026157040980e-02 -6.3171790977928926120204137e-16 1.6204492206301695784467559e-15 -1.5806666719921785846381113e-01 1.7310381624705002689967870e-02 4.1161677203358235145612725e-16 1.7310381624705509229222855e-02 7.6060850009183122088273869e-16 -6.0340646347278305945058080e-16 6.1506731651710551055718168e-17 
1.7060769674489656888197838e-15 -1.9873855345796553883985780e-01 
6 (band)
8.8573031148932634959436427e-01 (Ry)
0.0000000000000000000000000e+00 (Occupations)
-5.7996764635006233672438892e-16 -1.4056482531777429367858599e-15 -2.0310814427181673703600757e-15 1.0994419788410276579277927e-15 -6.8613596020349866158497439e-15 2.3034689170173675362145272e-15 -1.3161411482257140415086383e-01 -4.9754206572353332216351873e-01 1.3161411482256785143718503e-01 4.9754206572352549509119513e-01 
1.6575084043309046269561992e-15 -3.2280297283816366332157249e-16 1.9974240217557004406501164e-02 7.5508806578221232541636709e-02 -1.9974240217556532561715699e-02 -7.5508806578221454586241634e-02 -7.0952999162759035862632354e-16 6.1162674697643443201004507e-16 -4.4560336621780098631528944e-02 -1.6845185610998822389738905e-01 
4.4560336621780875787646181e-02 1.6845185610999224845585331e-01 -1.5996491230622283952200746e-01 4.2315297110074277797675535e-02 -1.9493130595361738061673711e-15 3.9283069612355865080976329e-16 -4.1092781896951367341934938e-15 -9.0962963985931121060586231e-15 6.7840134390618508546892358e-16 3.4217543396163856625797403e-16 
1.0823296904078555183392830e-15 5.2935576463653616434857812e-15 4.9754206572353071313941086e-01 -1.3161411482256685223646286e-01 -4.9754206572353082416171333e-01 1.3161411482256668570300917e-01 -4.4831846796587268950626456e-17 -6.3238601995272310615504603e-16 -7.5508806578219428429221693e-02 1.9974240217556567256185218e-02 
7.5508806578221496219605058e-02 -1.9974240217556695625722440e-02 5.0524131044942772724969884e-16 1.5135658291263040278548697e-15 -1.6845185610999185987779470e-01 4.4560336621775754883945098e-02 1.6845185610999435787960010e-01 -4.4560336621775692433899962e-02 -4.2315297110080203613069472e-02 -1.5996491230621712187343064e-01 
3.7384307102503172573441570e-16 -1.3917842760157135630846633e-15 
7 (band)
9.1873129108168194445482868e-01 (Ry)
0.0000000000000000000000000e+00 (Occupations)
3.9309901609195663230167384e-01 -1.0412385642984654806733612e-14 1.1493237482969920204567416e-01 1.3430947488017015803310650e-15 5.0861949928243932461668919e-01 -8.4783543850389060305936204e-15 2.2898405278023937091314947e-15 1.3487998607535389705702755e-01 4.1290956356384724421347508e-15 1.3487998607536427764230780e-01 
-1.6262850423110808417703765e-01 3.0968718619553225379564021e-15 2.1158699902074406453088261e-16 7.4738130103784050639603720e-02 -2.0144498572538389637758521e-17 7.4738130103781108548588463e-02 -2.8298420498786960863846218e-02 -9.8616786212533051224986798e-16 -4.6029214940108622851482814e-15 -1.7340854364634292195113119e-01 
-2.6284557386001806175287621e-15 -1.7340854364634006312684278e-01 -1.1988448073250877387955047e-15 -9.6942292526909204000585957e-16 1.2627613064663750774840878e-01 -2.1410975534899463517951509e-15 2.2323618270431090367407741e-15 3.9309901609198583116722148e-01 3.4838353624468306490098374e-15 1.1493237482968865492694022e-01 
-6.5768365481122184069354007e-15 -5.0861949928243332941235622e-01 -1.3487998607534948392050467e-01 8.2125087092251082849699207e-16 -1.3487998607536003103923861e-01 4.7507257235410173051164424e-16 5.9366231962251826654869105e-16 1.6262850423110827846606696e-01 -7.4738130103784425339874531e-02 2.3447332170695871884561634e-15 
-7.4738130103782995927730326e-02 3.1944941148760179027857564e-15 -2.2056971270720942859217975e-15 -2.8298420498787918431204957e-02 -1.7340854364634336604034104e-01 2.5896975953801730679959696e-16 -1.7340854364633867534806200e-01 1.6060525762578827570849768e-15 -1.4684071916172986117024117e-15 -1.6741927675810469672517557e-15 
1.2078883438939958031008145e-15 1.2627613064663584241387184e-01 
8 (band)
1.0511156835788539876119785e+00 (Ry)
0.0000000000000000000000000e+00 (Occupations)
-5.6225425386873306710100451e-01 -4.9190947754771046087047178e-15 -1.0004509263180938472004300e-01 1.5688039795997217661320156e-15 1.7534950733066456685094181e-01 -2.2114166294862130828419952e-15 2.4418417155255895644398478e-15 4.3975683217116456891204734e-01 2.2123713335096246668164202e-15 4.3975683217116962042680939e-01 
-1.0807011412496758673285058e-01 1.7130457978191909370194623e-15 1.8199221174168499303919704e-15 -1.1333610073808930707173204e-01 2.1799929850815670388574127e-15 -1.1333610073809075036166405e-01 2.3524977182287298838048173e-01 4.1465438520876862901797965e-16 -9.8234350783568660728949229e-16 -1.1321460228271512660214171e-01 
-2.4485790643494871659636804e-16 -1.1321460228271393311239024e-01 -9.4418029369797170187457843e-16 -9.0221897003672767121282918e-16 3.8677139367484042464795380e-02 -3.5752016901170550134513270e-16 -8.7478353432904041343956480e-16 5.6225425386873706390389316e-01 5.5019729677373623319566621e-16 1.0004509263180390299385891e-01 
-7.0533262783711296826794292e-15 1.7534950733066412276173196e-01 4.3975683217116706691385275e-01 2.7521665950607155987541625e-15 4.3975683217116501300125719e-01 1.4188964038107985930606091e-15 1.1512217650029665868366209e-15 -1.0807011412497155578016361e-01 -1.1333610073809215201823264e-01 -1.8199186842844676978917443e-16 
-1.1333610073809141649547882e-01 -9.8987348514914383105798646e-16 1.3782767326599750563823993e-15 -2.3524977182287107324576425e-01 1.1321460228271551518020033e-01 8.5532457452946579622943239e-16 1.1321460228271795767085450e-01 1.9564558268570209784791523e-15 4.3545407457889897287514172e-17 -5.1759905343500827658604663e-16 
1.7891099240198135139360529e-15 -3.8677139367487158028158234e-02 
9 (band)
1.0904384922540129032597633e+00 (Ry)
0.0000000000000000000000000e+00 (Occupations)
-1.8014104284461342708044465e-15 1.7231225056383034740272047e-15 1.6558571076542548264924163e-15 -2.4013362098396312627753572e-16 4.4872815996287150466931262e-16 1.0623197643217258730368871e-15 -1.3089323403472727380680851e-02 7.9405348005912538417172541e-03 1.3089323403472458498542075e-02 -7.9405348005968084262873319e-03 
-1.4259525181401592128163349e-15 -4.7741897335986032227406242e-16 -9.1168800366108859734026737e-02 5.5306833647554162758375185e-02 9.1168800366108582178270581e-02 -5.5306833647552039456840589e-02 -1.2419256280578031968785013e-15 -3.4476745289002096127384604e-16 -1.9020804482621367359485021e-01 1.1538821012655091358123371e-01 
1.9020804482621389563945513e-01 -1.1538821012654958131360416e-01 -2.2727893037049390345671895e-01 -3.7465076309402411958160428e-01 7.4074039381197361343564309e-16 3.4398735608274554052891361e-17 -5.0936289083303191926903719e-16 -3.5328401680757947046737871e-16 2.2478023534994464674871297e-18 -6.5511912386648068044215696e-16 
1.0812389708950924464499143e-15 4.8009557009354768212655056e-15 7.9405348005804066158219712e-03 1.3089323403474406593005597e-02 -7.9405348005825299173565668e-03 -1.3089323403475128237971603e-02 -6.3384025141502636355398613e-17 -1.4047610268031537882811099e-15 5.5306833647554565214221611e-02 9.1168800366108554422694965e-02 
-5.5306833647552747224018788e-02 -9.1168800366109359334387818e-02 1.3313405400439000662781078e-16 -1.0482630838937425216000708e-15 -1.1538821012654515429929347e-01 -1.9020804482621475606229922e-01 1.1538821012654786046791600e-01 1.9020804482621539444053838e-01 -3.7465076309402456367081413e-01 2.2727893037049426427920196e-01 
3.6093892366536015560990592e-16 -1.5715800924559509663740504e-15 
10 (band)
1.3061721814389986029425472e+00 (Ry)
0.0000000000000000000000000e+00 (Occupations)
-1.6350962343276420618565226e-01 7.4156720820372345495050695e-15 8.3401215855223254092010166e-02 -4.4323016151797367942827919e-15 -5.0825629906584057771112839e-01 1.7319435795300909836020979e-15 4.0236854626646385644790956e-16 -4.3446492620241927706814522e-01 1.5483464443234269898207880e-15 -4.3446492620242110893613585e-01 
-1.8504440662527085748045863e-02 -4.3791404089655078500272662e-16 1.3896419840461763215245983e-15 2.0927537218649880368381844e-01 7.9340512589504562453767409e-16 2.0927537218649822081673051e-01 -1.8780981838954893814452873e-01 5.3474244988296601658874287e-16 -4.8363890256479773111543027e-16 -6.0067295962938430098354559e-03 
-1.5165253070920286211419632e-16 -6.0067295962936730069348101e-03 1.0205917869554103747442046e-16 7.9919943114377884738393189e-16 3.1629788641117279057723977e-01 -1.3748781629734472020394921e-15 6.3584255215288852849200715e-15 -1.6350962343276329025165694e-01 -3.4659336069914912257754796e-15 8.3401215855223323480949205e-02 
-2.0943743997334148575631374e-15 5.0825629906583924544349884e-01 4.3446492620242149751419447e-01 -8.7660673873216479657027035e-16 4.3446492620242066484692600e-01 -2.8229465435878639192059348e-16 7.3451503026572864340703969e-16 1.8504440662525496741341868e-02 -2.0927537218649933103975513e-01 -2.4068838930109202248837832e-15 
-2.0927537218650021921817483e-01 -1.5326036365832647728726911e-15 3.3575704208295773396636515e-16 -1.8780981838954785567707972e-01 -6.0067295962943460796434891e-03 4.0325894337612579539273194e-16 -6.0067295962951050211642290e-03 -5.5378132122682440689599194e-16 3.9003302385336311038861779e-16 -3.4525806176791629073563068e-16 
-1.0424078397007070659925032e-15 3.1629788641117168035421514e-01 
11 (band)
1.6192917915826166019854782e+00 (Ry)
0.0000000000000000000000000e+00 (Occupations)
3.4857728181427916069878847e-01 7.0600206777224258057930646e-15 1.1426649051800785716892506e-01 -3.7996207974720122559627523e-16 4.4829997399413529235445708e-01 3.2558467342770587167086508e-15 2.1941206938859612792538227e-15 -3.7448543761337449442549996e-01 2.4681782784432817282015459e-15 -3.7448543761337454993665119e-01 
-1.6139070635869487424507440e-01 3.2939147731133735137672682e-17 -1.4981352021428645239104463e-15 1.5997613323622722480976677e-01 -2.2505997452504633115251585e-15 1.5997613323622578151983475e-01 4.7058952552206206876306283e-01 2.8324191835824308882457051e-15 6.8902053649052369425599643e-16 -1.8239054482915281751864711e-01 
1.7607733064093694367413374e-16 -1.8239054482915159627332002e-01 6.1286685963064567115681066e-16 8.0035790129114189288843884e-16 -1.9342664093960423854490216e-01 -2.7301658432149378414022860e-15 3.6390856642469318098012892e-15 -3.4857728181428659919305346e-01 -1.1647758403804454532440969e-15 -1.1426649051800343015461436e-01 
-2.3184741115750207834316746e-15 4.4829997399414234227066345e-01 -3.7448543761337083068951870e-01 -3.3001387804005490955418809e-15 -3.7448543761337044211146008e-01 -2.9702958712344995940048634e-15 2.3234459038772374122239452e-15 -1.6139070635869148806484930e-01 1.5997613323622628112019584e-01 -7.4453922329343610824380063e-16 
1.5997613323622761338782539e-01 8.5180614083462966395164093e-17 3.5634583042746029891493369e-15 -4.7058952552205729480405694e-01 1.8239054482915173505119810e-01 2.8591966427435456280029035e-15 1.8239054482915048605029540e-01 2.4513779508633837884289529e-15 1.2349688400689383973501755e-15 1.9122952357029673656688324e-16 
-6.1984606983931073156948012e-16 1.9342664093960484916756570e-01 
12 (band)
1.8602025898056253616630329e+00 (Ry)
0.0000000000000000000000000e+00 (Occupations)
-3.8529111546986527514491172e-01 1.5688164445728458313331399e-14 -3.6653450769985373991488586e-01 1.8319132645560329731524640e-14 -1.4793244857958606774950283e-01 -4.5501413669846753980061198e-15 -2.0697883339214543402766093e-15 1.6759072092512619644999461e-01 1.0197471590853912870028837e-15 1.6759072092513499496746476e-01 
-3.5407552907255418483956078e-02 4.4937497419012874572298587e-15 -3.7055571479073262852723616e-15 -3.4534296371809686254650273e-01 -4.9879120918073614358472571e-15 -3.4534296371809258818785793e-01 -4.3941480337101035402724847e-01 2.3162079395589709405829524e-16 9.5289399157741886811119811e-15 -1.4011245510426223459532480e-01 
1.1772472903171898909031338e-14 -1.4011245510426129090575387e-01 -2.4360028888788547243435525e-15 9.3821639795954652884580340e-16 4.0022518313902272213411493e-01 -1.5017476718310381643482318e-14 5.0893260524150630789239014e-16 -3.8529111546990013614788495e-01 1.6987905406065441468249276e-15 -3.6653450769985074231271938e-01 
1.0355434613461233999283003e-14 1.4793244857957726923203268e-01 -1.6759072092512944385234164e-01 8.6179938799878897344963296e-15 -1.6759072092512924956331233e-01 7.1836746833063197591528610e-15 -3.9929795462659936957132626e-15 3.5407552907247924478539858e-02 3.4534296371808947956338898e-01 -9.6364790090539555325639984e-15 
3.4534296371809086734216976e-01 -1.0299836030280857033708516e-14 -1.8615784115400447673002578e-14 -4.3941480337100330411104210e-01 -1.4011245510424538696092611e-01 1.4989655028925106022200736e-14 -1.4011245510424985560860023e-01 1.8553580182556322301519107e-14 2.0071930445378640082344281e-15 1.6370917676123172471047313e-15 
2.3731269512977768923310670e-15 4.0022518313902838427154052e-01 
13 (band)
1.9027688150383303966606263e+00 (Ry)
0.0000000000000000000000000e+00 (Occupations)
-3.7647669577952491692940384e-01 1.8387620798575099724003502e-14 -3.0555264299278711570551081e-01 2.2985421829969926202533022e-14 2.4497400560411208836342212e-01 -7.0862280332253086277147879e-15 -2.8832515956900814892930577e-15 -1.6418970836649315891975220e-01 2.7140265720598083886937307e-15 -1.6418970836648960620607340e-01 
7.3913146748259994645025017e-02 -3.2217669476230864070763053e-15 -8.9499461534655220815316483e-15 6.7253555215867732997025996e-02 -7.2681378590953352969841547e-15 6.7253555215865290506371821e-02 3.6642960020713188917795833e-01 -2.0531258050277050524183004e-15 1.3125355233707212405831214e-14 5.1762983448954202891911791e-01 
1.8037371090609508323047577e-14 5.1762983448953847620543911e-01 1.7999382792876114000081589e-15 3.9027337810967236594526357e-15 1.7141370889991058845680527e-01 -2.0007366585949553211715906e-14 1.6438794889201601514731626e-15 3.7647669577953046804452697e-01 -4.0117194919608034432966999e-17 3.0555264299276863049215081e-01 
1.0506896956532692207161036e-14 2.4497400560410764747132362e-01 -1.6418970836649804390106056e-01 1.5096839296587521358683473e-14 -1.6418970836650609301798909e-01 1.0934099820607221691874404e-14 1.2361938902484140411361958e-15 7.3913146748255720286380210e-02 6.7253555215873284112149122e-02 -1.2380839913000197622775132e-14 
6.7253555215871119177251103e-02 -1.1132932581995910750097800e-14 -2.3412112513476280903646346e-14 -3.6642960020714171465172626e-01 -5.1762983448954136278530314e-01 1.6370897858153446840848715e-14 -5.1762983448954458243207455e-01 2.2104609252659102011190722e-14 2.3947661617823775353964656e-15 7.2078969949280856513598285e-16 
8.3931567025294090257312780e-15 -1.7141370889989865355929055e-01 
14 (band)
2.0677963848625902087974282e+00 (Ry)
0.0000000000000000000000000e+00 (Occupations)
-5.0262149559220837104610090e-15 4.5455453219601780740630655e-16 9.0990146728070742261436398e-15 -2.0623253787971328322691352e-15 -1.5647960427140045811574365e-15 -1.5647067390588222160165797e-15 -3.6708796074419869359672930e-01 5.0721680544106202692677954e-02 3.6708796074420069199817362e-01 -5.0721680544108700694483360e-02 
-7.1168592400492118846528265e-15 -5.4167646077460287996752414e-15 4.7828592966352417858999502e-02 -6.6086248331188243709810592e-03 -4.7828592966349808834891633e-02 6.6086248331170792391642266e-03 -4.2215736680746806480911015e-15 -3.2436027702049598533405605e-15 -5.0780679332958311711365695e-01 7.0165237501053051571986430e-02 
5.0780679332958245097984218e-01 -7.0165237501056243463182227e-02 7.2783912751836071786115667e-02 5.2675892873490992585061576e-01 1.0362108766509174229851561e-15 1.7313706010983439158568912e-15 5.0010911310457692082747041e-15 -3.2990866452385629206276843e-17 3.7561938659081975128463507e-16 -1.6929327065066722499242207e-15 
-1.3352700146142605255171206e-15 1.4060695337562555422196473e-15 5.0721680544119844558093035e-02 3.6708796074419991484205639e-01 -5.0721680544115979594188559e-02 -3.6708796074420102506508101e-01 1.1562396170741615427850441e-15 -3.2243228061003538638577110e-15 -6.6086248331234595521088693e-03 -4.7828592966347900639068058e-02 
6.6086248331231499039684074e-03 4.7828592966350072512859981e-02 1.8627804634522759896982147e-15 4.3496009802016661148893079e-15 -7.0165237501043420387247807e-02 -5.0780679332958422733668158e-01 7.0165237501051608282054417e-02 5.0780679332958500449279882e-01 5.2675892873491114709594285e-01 -7.2783912751813104047293734e-02 
2.5897675727432021858840671e-16 -3.0058552568062125744691786e-15 
