7 (index of k points)
0 0 1.000000000000002442490654
14 (number of bands)
26 (number of orbitals)
1 (band)
-4.7224279788720381623168265e-02 (Ry)
9.3750000000000000000000000e-02 (Occupations)
-3.1637949239246559995919483e-01 2.9487424502374789042141250e-18 -2.7475717047371250867371373e-01 -4.9400304549014056443489757e-18 1.8361254687784178725493035e-15 5.6104936769007937881462716e-15 9.2925336131579854220721041e-16 -1.7965630112303563790090203e-27 9.6031311811935466429171164e-17 -7.9659571501382219770813391e-28 
7.4157050497353790349034780e-16 3.0843794720183632770043508e-16 4.6451791315699233660732862e-16 -1.1220424028234851605283794e-27 -7.5746531218865268958549805e-17 -4.9567132483024943821652652e-28 2.8110181137727389966141089e-02 7.8186661542440109310202348e-19 -3.6620730052289751764242905e-17 -1.3478398179474607708359768e-28 
1.7620730963945339013892573e-16 -3.0791924213545453219517062e-28 -1.5055267806161498869820420e-16 2.3210345920538771454264700e-31 2.1384353642832986582976715e-16 5.2852463360035211137605842e-16 -3.1686201300018259953959532e-15 5.0102864809360594434530618e-15 2.0654453003538606421012699e-15 3.2103586934250271776859238e-15 
4.6596847000802521510109955e-01 1.7312063038875951475875249e-15 -2.8135022375884637045930083e-16 -7.9218348737910776560114199e-28 1.1800163777188442685681058e-15 -1.7825618981482135943115995e-27 -4.3680989993772484369927156e-03 -1.7617053102986356499117175e-17 -8.0438446956695337732454918e-17 -4.9624763338134802726494628e-28 
6.6788130162520638593886994e-16 -1.1175364316734431892971768e-27 1.7874395497351321788530800e-17 -2.5035628536618624235253585e-16 -5.7236806228496319664809460e-17 3.0818802940223882556441923e-28 6.5846646215910140158950480e-17 1.3657531778396883398269440e-28 8.9155526978311678214104699e-18 3.1748759237180009890793533e-30 
-5.0745666865751146157315077e-02 -1.8798067066346357804865854e-16 
2 (band)
-4.7224279788713172112402106e-02 (Ry)
9.3750000000000000000000000e-02 (Occupations)
3.7772568826115547315500517e-15 3.4030672542242113065819392e-15 4.4973379004100524723933976e-15 -1.5147651893454407290365734e-15 6.6464138312968323862861553e-02 4.6120400405886624595197532e-01 -1.3895145329403751971568878e-17 -5.2791739434842217488648730e-16 -1.3229270175736267813507544e-16 -3.6875906005469426309365553e-16 
-6.2305060266086131209872789e-04 -4.3234357650961110705600809e-03 -1.2689238871979219271796567e-17 -5.3433442534832063456891666e-17 -5.0366299426851704001643584e-17 5.8913842215847017250815034e-17 -5.9888137106836372192269883e-16 7.5994277231244257361088760e-17 -2.2627215442535858958898517e-18 8.1008039236700516957062254e-19 
-3.2608299714813506988647341e-17 -2.2877165394227169721794352e-16 5.6421587789122155774248797e-18 7.8166505140906948010439022e-18 7.2381872131627540342679872e-03 5.0226799136685602864549338e-02 4.5127281554904079274859185e-02 3.1314455394591733661258104e-01 3.9190416854877133112644572e-02 2.7194781476131940634033413e-01 
-6.8152724507775292714901684e-15 2.2051013700077438799646940e-15 -1.5977691040436243368473930e-17 2.9493674693320857716475596e-16 -7.3795702265770885852816388e-17 -3.9866320889370848476341489e-16 6.1836885643603473700986928e-16 2.3539387583255877771268032e-16 2.1229340713369239731362604e-18 -1.2776065429604427756764097e-16 
-3.2943397508821138522550116e-17 -4.5453542955437436857897455e-16 -4.0095394589860829798189101e-03 -2.7822758255118179571141468e-02 2.0929623395506979149177261e-17 2.1108017177409533626866655e-16 -5.1699701490018499103380587e-18 -2.4248785350229768322000585e-17 2.5478504813392162118969245e-17 1.8553365962749525689943563e-16 
6.4314644035073629345816294e-16 -1.3022694698115179122050573e-16 
3 (band)
2.8031738494869579136903326e-01 (Ry)
9.3750000000000000000000000e-02 (Occupations)
-1.1013350114172674785125115e-15 -8.3972498310389376394682862e-29 8.0261272302002336337118512e-16 -4.5190558037260116321181817e-29 -2.1159797573423154467032352e-16 -4.7080639673417581536469091e-16 -3.2794512049847618362363733e-01 -2.6492669315532060599400216e-14 4.8249402596262264131254938e-01 4.7440770055411460731932540e-16 
-8.4983303853557379237062743e-16 -1.5521784530497064732540551e-16 3.6291619215162142231267950e-02 2.9976725773581245350938780e-15 -5.3394572351648961205938804e-02 -1.3590481637528454220599072e-16 3.9273872297595851830986982e-16 7.1999846266476580922369653e-30 1.8990307667615245745817987e-02 -1.2620121013802062125166026e-16 
-1.2907473256139228787175988e-02 -6.8632391885464078411427679e-16 1.1006992620500802852887438e-16 2.1775163064323603890801066e-16 -4.2123402141777484773941004e-16 1.9246677324039705206256557e-16 2.0319798995320729100561810e-15 2.7451108193533706177844713e-16 -5.0365589131188903106707713e-16 6.9956352356568482234590425e-17 
-3.7073753171692261457840333e-16 -1.7950416225238402625270436e-29 -4.8249402596262702669349665e-01 -2.1124179123109444543806928e-15 3.2794512049847945878155997e-01 2.8006978668139820247660921e-14 -4.6832907075900106975626093e-16 -7.0560529158177571064576816e-29 5.3394572351646865659979824e-02 2.7611905395925788902166155e-16 
-3.6291619215161524669710502e-02 -2.9376738847847273116764877e-15 -4.4989931012716911088583599e-16 -7.0499135674500646675806283e-17 -1.2907473256138645920088059e-02 -1.5836375044322342135724927e-15 1.8990307667616182496495014e-02 4.6223873296512178168556528e-16 -1.2927776175180197627686434e-16 7.1307337387607060013778996e-18 
2.9604007706099600741192485e-16 5.2510202251491153130686419e-29 
4 (band)
2.8031738494869690159205788e-01 (Ry)
9.3750000000000000000000000e-02 (Occupations)
-1.4912547304761776039740718e-15 -4.7783397867433156425940150e-16 6.3117118771173612633211955e-16 2.9117255024591209369924705e-16 1.9239330384116521651341268e-15 5.7012646632827827542736677e-16 4.4539661639927430325514024e-01 1.8553258255546045685235867e-01 3.0273047784014162076005050e-01 1.2610416268085739011084456e-01 
5.6477179154838829172067644e-16 5.8133169345077190673255343e-18 -4.9289235886524139507169906e-02 -2.0531721368117539228137503e-02 -3.3501273657918134718514125e-02 -1.3955152760023478361595117e-02 2.5735750514881973565247408e-17 -6.7198604662335526584771540e-17 1.1915059265405885183253254e-02 4.9632880794715332484212666e-03 
1.7530204156750415350751737e-02 7.3023097396206432599385927e-03 -4.3250519856421721994016011e-16 5.5487199326610238426076927e-16 1.2110269589984191854217702e-16 -3.1584350001689407911337737e-16 -3.0246724401876394956562969e-15 -9.6186893975663737907044274e-16 7.1450149301252283309079887e-16 2.0111581920434026296479034e-16 
-5.6032728620239201861124520e-16 -1.5473444433510342410477651e-16 -3.0273047784014184280465543e-01 -1.2610416268085805624465934e-01 -4.4539661639927430325514024e-01 -1.8553258255546209443132000e-01 -2.8322825797754359260732521e-16 -2.0913047375901083440441630e-17 3.3501273657918252679710491e-02 1.3955152760023249378096288e-02 
4.9289235886523341534370957e-02 2.0531721368117098608374604e-02 1.6969086718581074701714010e-16 -3.3151946223666694832883493e-16 1.7530204156750443106327353e-02 7.3023097396202564166034499e-03 1.1915059265405729058140416e-02 4.9632880794712262023660188e-03 -7.0989647311622971784659151e-17 1.3640798573887303276269201e-16 
2.1377041984281945870697679e-16 8.4778496783383438361752221e-17 
5 (band)
5.7862796705170449484967321e-01 (Ry)
0.0000000000000000000000000e+00 (Occupations)
-8.1279168334266795642995395e-16 3.1992326657323690324851336e-15 -1.8343715122497969768930228e-16 -4.8512670580775595600509213e-16 -2.5065942178451849908782378e-01 -4.6365765026352639965878666e-01 1.8051746361431494397557340e-15 9.8078995014654128407628530e-16 -1.5775428763398350527326471e-16 5.8019420804117554012667907e-16 
-4.4235502089238327994014099e-02 -8.1824687900841644450089518e-02 -7.5673248898145062365501422e-16 8.8764262721414982523414050e-16 3.5232845219260336856687665e-16 -4.8581541727681045398238475e-16 8.3790380310268724008497471e-16 9.3119963080307225180019150e-17 3.4437944562847921007290633e-16 6.0256033945954469974573262e-16 
-4.1465158990489507976910150e-16 -6.0264188492544238691372938e-17 2.9800292686873642102680539e-16 2.3293902480505760284696430e-16 1.2357807913882240535841106e-01 2.2858874160670036856934928e-01 3.0323584541081077814439482e-01 5.6091097058269856479029158e-01 7.1422877085000641139700406e-02 1.3211457653788069577238673e-01 
-1.2075458676513327326521355e-16 1.6886400871947267516429265e-15 -6.3331226848827135016731142e-16 -2.7117156572338401121888646e-16 7.8107715292567356798870651e-16 2.5731846860199104541655198e-16 4.2847318097047138608203295e-16 7.5551952383600603845873157e-16 7.3486819868061344808748027e-16 2.4524095659586328697643274e-16 
5.1985530196050334024901373e-16 7.4486868329450407408639097e-16 1.0086883862606205175538321e-01 1.8658228910451940540937699e-01 5.8904620513645969334752142e-16 -1.7305293900610254418953593e-16 -5.4729339400372226482867684e-16 1.1314311043378464509244261e-15 1.8765165181378140534479527e-17 5.0442033130913471173172438e-17 
7.4364958838083759004300692e-16 3.6438578310615698308964180e-16 
6 (band)
5.7862796705170582711730276e-01 (Ry)
0.0000000000000000000000000e+00 (Occupations)
6.3763084528746716284075546e-01 6.3700349889240542519877359e-17 1.5018484845311774744658351e-01 -4.1815947474012453695827982e-17 -8.4913649685513595823150726e-16 5.0827459510232002679903938e-16 -2.0589565583273798608111969e-15 4.5472904269473754960472190e-24 -8.5324579292405393359287110e-16 2.0373312539376538260955515e-24 
-1.5207234212753890573004100e-15 4.4430702189414028937651886e-16 -8.9941138852264447088034988e-16 2.8317015026080801060410684e-24 -4.6932830919819939412818902e-16 1.2687350192736577798684479e-24 2.1210250638135755285595963e-01 -6.5979912438162332801667374e-18 -3.6167453263395256577826189e-16 3.4845477263938062352901726e-25 
2.7872000448476823991664810e-16 7.7730701310270892046132668e-25 -2.5052608577075231002945880e-17 1.1614521590340023979197762e-30 -1.1418046287645042829237897e-15 -1.3707912713641584310058728e-16 1.9265143469428541931210543e-15 -1.0992587120330593004591786e-15 -1.0984291521226698208674472e-15 4.8308465591714773621989259e-17 
5.2707548072096654934171056e-01 1.9738113730367020783680042e-15 -6.3583871647585455352625065e-16 2.0373660923548278325840872e-24 -2.3279602773345959992412940e-15 4.5473338376981672998454446e-24 9.3016445831670985233685656e-02 3.5907067118110292230470870e-16 -9.4368455065210156473951541e-16 1.2688867911574138424279070e-24 
1.5157733815844353706899601e-16 2.8323025191217976454781277e-24 -1.9591973113226574974388682e-15 2.5287736911851645034840049e-15 -6.7559126067023236601696845e-16 -7.7724763721293746163319833e-25 3.7677670492922071991769973e-16 -3.4842210388705977056000279e-25 2.8679486453814496111083851e-17 -1.7335325430425814779338184e-30 
2.5985448703644842272098003e-01 9.6116765494989158004011240e-16 
7 (band)
1.2909269033848034258227244e+00 (Ry)
0.0000000000000000000000000e+00 (Occupations)
-7.5173779442682307971574696e-15 -4.9202827983756807230384885e-27 -1.5100383196873299378083151e-15 -1.3045809552129284480405213e-27 2.0904801123865168171018610e-15 -1.8743551214713948405296405e-15 -9.5771477973189389487629342e-01 3.2144710107099644058837366e-13 3.3690018472959309958625340e-01 7.9300900276908696285594298e-14 
7.9501162368081845497837067e-16 1.6034607756184376490313375e-15 1.8652293214892293193862827e-01 -6.1418592161624011750700426e-14 -6.5614117717668410389997291e-02 -2.0777649316353788285210602e-14 1.5990424186347265215092831e-15 1.9141689774571771529260741e-27 -9.6330155149928459179520246e-02 -1.2726097467522123518577371e-14 
2.7384019808419618469130796e-01 -9.4131187270718325275931609e-14 9.0096259939096395739495277e-16 6.0388544860571395658405382e-16 -5.9814589492581257831879847e-16 -4.4872964085163112188374434e-16 -5.1923492523306084797961921e-15 1.2949782039929809125254280e-15 3.8643944999236000488898795e-15 1.4799857251300641763825940e-16 
-1.0107421509252681486734875e-14 -2.2099520137991458844789188e-27 3.3690018472959259998589232e-01 8.5358698143796717652406368e-14 -9.5771477973189134136333678e-01 3.1707634658871781797704801e-13 5.7707384341250403076254765e-15 -2.7343632986541369099036406e-27 -6.5614117717666856077762816e-02 -1.1324956858888715766095046e-14 
1.8652293214892884387623440e-01 -6.2953923517841587984617990e-14 1.1834805402982029863786963e-15 1.0934015319960578039066611e-15 -2.7384019808418835761898436e-01 8.8649679382844579359311432e-14 9.6330155149927834679068894e-02 3.4564218478025813346011021e-14 2.8499451702585470669074522e-16 -9.6010990476475389083118290e-17 
3.7628151509470984750503150e-15 2.1156602699845728133375393e-27 
8 (band)
1.2909269033848036478673293e+00 (Ry)
0.0000000000000000000000000e+00 (Occupations)
-8.5298589351446174524594063e-15 -2.0606574822260651918926570e-15 4.1188289735816210937715694e-15 9.9410235634838918877500217e-16 1.1031820713151401230921614e-15 -7.1815962625713375461679922e-16 3.2747777738432615191044306e-01 7.9120413233603081870626283e-02 9.3092946115896535452804983e-01 2.2491762417202768031820881e-01 
1.9346202530281733606468371e-15 -1.0780746678935218141165274e-15 -6.3779025388367313609272458e-02 -1.5409359635543006319946535e-02 -1.8130626820627901429894280e-01 -4.3804581113679047499331887e-02 8.6568351948336410164027233e-16 2.1177737566266472208664403e-16 -2.6618144925939751788135368e-01 -6.4310886768540923008607990e-02 
-9.3635998237596801407889302e-02 -2.2622966765181627690761701e-02 -1.5281405480403990242405089e-15 -6.9981219168983164196075290e-17 3.9371876428418139396565561e-16 5.4004070808126098185947926e-16 -3.2567028611041245554237143e-15 4.4419473332864785601364841e-16 2.2283260271608319039028238e-16 8.0946109306382604890904150e-16 
-3.1449311764842999639196049e-15 -7.6091155114927438372156574e-16 9.3092946115896479941653752e-01 2.2491762417202945667504821e-01 3.2747777738432493066511597e-01 7.9120413233601596947330847e-02 -1.7349363838528252639003328e-15 -4.1891392176159618735455507e-16 -1.8130626820627981921063565e-01 -4.3804581113682558579647264e-02 
-6.3779025388370783056224411e-02 -1.5409359635548644171243460e-02 1.3341473170817574703266012e-15 -1.5438454400492632427375037e-15 9.3635998237596385074255068e-02 2.2622966765171604458517507e-02 2.6618144925940012690546155e-01 6.4310886768536662527750991e-02 1.3741183864173521340047109e-16 4.2033841533385853920810735e-16 
9.4995038853317242256936839e-16 2.2993865717920270214129583e-16 
9 (band)
1.5006407739134852707962864e+00 (Ry)
0.0000000000000000000000000e+00 (Occupations)
1.3441503804823412505314551e-16 -8.2539679380431106615516459e-27 -4.9586067987079800522899561e-15 9.9349423344791157183599730e-28 -4.0580598944339697540123126e-15 -1.7144530951309575337274255e-15 1.7568512697170188263662283e-01 -1.8921965622904977689233298e-13 1.2459276910198671672880266e-02 -3.7989074970713463280828864e-14 
-1.5912984830878300768384071e-15 2.0205472083426239217211182e-15 2.8594051261682779108141972e-01 -3.0894900638407751882100703e-13 2.0278392872213044095808243e-02 -7.9074712696513497999962266e-14 1.5240514808170269021155875e-15 2.1732437432649819282342123e-27 -4.7940088744833506129161549e-02 1.7919306218017866647659560e-13 
-6.7599112202710320840282066e-01 7.3036923374284479564894680e-13 -1.6948170872237958634157766e-15 1.2008959656829249577859866e-15 -1.3877163711430843587080202e-15 2.5540984737694528732664621e-17 8.5641919808712413262005252e-15 -5.6975522173859839157807227e-17 -2.8348995354712387433225821e-15 1.0846391850091973683663140e-17 
-9.6414465968903169482421237e-15 -3.5379778025590598967446431e-27 -1.2459276910197214505160446e-02 5.6908624050849117882225446e-14 -1.7568512697171703718090896e-01 1.8990110891266991674937960e-13 1.0619950926401100552583747e-14 -3.0093466918593511569341715e-27 -2.0278392872211906117208002e-02 7.4972097266804309572246985e-14 
-2.8594051261682479347925323e-01 3.0748084042340188678052429e-13 -1.7953367614234406274531000e-15 -4.1817085083861696944705055e-16 -6.7599112202710498475966006e-01 7.2815095702349235891915066e-13 -4.7940088744834088996249477e-02 1.8694294646199937681167638e-13 -1.7875500129240813915166473e-15 -4.9166542309071777724191676e-16 
3.9978463411998486982707805e-15 2.1008244010652823726546327e-27 
10 (band)
1.5006407739134859369301012e+00 (Ry)
0.0000000000000000000000000e+00 (Occupations)
-2.7435410094412606892100711e-15 5.3955721795449588322919514e-15 1.3942535828271957109133345e-15 -2.7480737957545121363301325e-15 1.6490725551084381277640401e-15 1.1536922124661444698069362e-14 -5.6388611667529363324913305e-03 1.1110212683248269979752187e-02 7.9512161676392731357587706e-02 -1.5666231194710694696325959e-01 
-8.2103631086835360955412674e-15 -1.5003893474583757836879861e-15 -9.1776627902149850862789648e-03 1.8082691259571355424373706e-02 1.2941191244197719489861242e-01 -2.5497947696566336528434249e-01 7.7691006212558174074489609e-17 -1.6968445492722217258341200e-16 -3.0594232029147055973439251e-01 6.0279622901452711847269939e-01 
2.1696885517766956869012418e-02 -4.2749237042214525972294581e-02 -1.0469983034892374553576417e-15 4.0844053377555200260183033e-15 1.2892445105195621802105487e-16 -3.0639302851224528024905912e-17 3.5004244671681327006619970e-15 -6.9011662316791953250482417e-15 1.6178445509201934716307330e-15 -3.6243076179438698972072656e-15 
-7.7800969473285329018302688e-16 1.5393891254455207461969690e-15 -7.9512161676398379617225487e-02 1.5666231194710666940750343e-01 5.6388611667886759729051427e-03 -1.1110212683235904870815425e-02 -7.1122766472183369041330316e-16 1.3939179909819978637510144e-15 -1.2941191244197799981030528e-01 2.5497947696566602981960159e-01 
9.1776627902090037597337968e-03 -1.8082691259575275899429414e-02 -3.8220059237101239691085100e-15 9.6741317055716399383529689e-15 2.1696885517777111940240786e-02 -4.2749237042208190762160314e-02 -3.0594232029147289120274422e-01 6.0279622901452445393744028e-01 9.6703297008411832409507981e-16 4.2180496408918622952774735e-17 
2.8510025958671502296292788e-16 -5.5140368036540912223535668e-16 
11 (band)
1.5766353162632440465529271e+00 (Ry)
0.0000000000000000000000000e+00 (Occupations)
-4.4663142111519893440174656e-01 1.5045934110464883196528892e-16 -1.8150258816913578119311978e-01 -1.1157193829450343280649919e-16 2.7548110607151821806233325e-14 2.0823811546654427611068004e-13 5.7413097819819454230141121e-15 -2.8118797977807624502001967e-25 -3.1968178041142347787892052e-15 -1.2524790745519838972850757e-25 
-1.9771809802136888257972385e-14 -1.6507326333530715475216528e-13 -6.2088194755845213555582824e-15 -1.7087016453150358013886351e-25 7.0561889129851713299719351e-16 -7.6576177698818734695031306e-26 1.8310356081565179464654136e-01 1.5719971520457601099499138e-18 1.5860740932145103776831140e-15 -2.4269639515782546614978640e-26 
5.4075203008269975008578719e-15 -5.5678379986300151937014654e-26 -2.1839644476652543107850704e-16 -1.5631095608162906599151550e-28 1.0438577263329052783719202e-14 8.3595493188537039008823458e-14 -1.3711606963678553182652709e-14 -1.0386548773196707191932066e-13 -5.7770932281938394303119984e-15 -4.1091224086257003720131280e-14 
-9.4922958696769266229154027e-01 -3.4914205547205130312902071e-15 -3.1839756773402313198767695e-15 -1.2691869339100983221741278e-25 1.0387616412208017353728569e-14 -2.8594573978220893841755688e-25 7.5246811637708499453935929e-01 2.8296618843684197851462873e-15 8.0705681453681038469466899e-16 -7.9179740075765661038383010e-26 
2.2414419353306329430285266e-15 -1.7833670965241310600588897e-25 6.2733421148140362050488756e-15 3.9475983977977650784224546e-14 1.0684557135316397057477359e-14 3.6928712758568180041818278e-26 -6.2944235028765162034173380e-16 1.7696596974014803867055814e-26 -1.8833335605232430834357079e-15 4.2720453476036877868919312e-31 
3.7104486555887689069876956e-01 1.3861439875982707201197184e-15 
12 (band)
1.5766353162632462669989764e+00 (Ry)
0.0000000000000000000000000e+00 (Occupations)
9.3218950097246966010314105e-14 -1.1886816931367619268316593e-15 3.9030564041798500098261763e-14 2.4729795191595470900487971e-15 1.1889167269031204743345853e-01 9.4175452159241979099846276e-01 -2.0170870440766887430681791e-15 6.8546133414657662861406379e-17 -4.0269086641226339660987047e-16 2.4182548399666001382462305e-15 
-9.4247160255493067637644344e-02 -7.4654252320135550125002055e-01 5.0336264081995531398783041e-16 -1.3013809735615548158813236e-16 -1.5225632128125400320868356e-15 2.3222370381220903698983920e-15 -3.9433261080140185651011695e-14 -4.7246708509977177066045419e-16 4.5330645818710363751128822e-15 -3.8322193580597783565171165e-15 
-1.5454112932262507551218977e-15 -1.0639005056350360851380308e-15 8.6798465513151968424975378e-16 -6.2315026516906347296167631e-16 4.6473630104987694033891188e-02 3.6812293321996469863677248e-01 -5.5940899295045434791440186e-02 -4.4311425401747150942810549e-01 -2.2733326690734294295292983e-02 -1.8007327777786652500680020e-01 
2.1219848695725776986437673e-13 -6.8470841933416907802166378e-16 1.9427845893349886285219738e-15 4.7354590524865085179140521e-16 -2.8837268370851315416819741e-15 1.8970892178512700192970806e-16 -1.7043721100429504576396873e-13 5.4199344631997790647616615e-16 1.6721009676221177561999701e-15 -6.1205958028776492774160328e-16 
6.2906184055510352093525943e-17 8.3136901207677230284379058e-18 2.2933849639544423570924891e-02 1.8166164296318199067314936e-01 -2.3429939740501376227740948e-15 3.4273723149167883329682258e-17 4.9258507187362622149989260e-15 -3.8435626390214882549505649e-15 2.1809945349580562046189560e-15 -5.5053868569336644124447334e-16 
-8.1543561626822534327677326e-14 -5.9682904178781849667165015e-16 
13 (band)
1.6770431755554566777277614e+00 (Ry)
0.0000000000000000000000000e+00 (Occupations)
-6.1079843002369873439934102e-16 -8.1244605055136013685456890e-29 -3.7881935468811918513205707e-16 4.2265850189276531986538330e-29 -2.2906382506767186107927510e-16 -1.9436599188594109922762518e-15 7.8544090814041969973751834e-16 2.9865081454625727277658749e-17 2.1771929999910177691465127e-16 8.6125389458222787422874522e-16 
-1.3578762300804736499964058e-15 1.3165325038720405879903564e-15 -2.2681592418365380008784998e-16 2.3960736179655410659725040e-17 -2.5372825448499950604376739e-16 1.4687764734516806322906995e-16 1.7118043674121702788182152e-16 2.0495435489896595187007545e-30 -1.4913443965659428244236171e-15 -7.9214186167090437776021660e-16 
-1.2015550174274861838957549e-15 -8.2770632325021033495315487e-17 5.9730786366533039632997770e-01 -3.6738184107065887263547746e-15 -3.0397721923556742385104721e-16 -8.2419641653740087776390553e-16 1.9627430894110942868736194e-15 1.0973083704688206019470810e-15 -6.6955811027904231120448377e-16 4.5632975702797926547612434e-16 
-1.3843426885453371747127802e-15 -2.4457665733180752768763559e-29 -2.0576665923461342464154405e-16 9.4258762864176999139738670e-17 -8.5207288736326849637077711e-17 -2.0366646568878680918140957e-16 1.1910133556425559887457311e-15 -2.4255624385565833721993844e-29 -3.8555846670774706918555028e-16 -3.6061413811390787697099921e-16 
-1.5405175945822240697818138e-15 8.3123023370659685524164046e-17 -4.7938372951775042612286569e-16 -4.3706682306270863442839260e-16 -1.8611107669355970829369058e-15 -4.1462101943694383882155963e-18 -1.0930762278551724873765216e-15 -7.1025001655358380204210216e-16 9.8686274816190333591947592e-01 -6.9410076556678242229861268e-14 
6.5116894416263990771630648e-16 8.9986848411966488013264994e-30 
14 (band)
1.6770431755554595643076254e+00 (Ry)
0.0000000000000000000000000e+00 (Occupations)
2.0332881542990617117595249e-17 -1.4619595315289270963992384e-15 -1.3691636313778042199065665e-17 9.8444572004373191832862149e-16 -3.1490469763044953146498113e-16 2.8162587152035708490724611e-16 1.0093192065636473442026150e-16 1.5456825521576239511243625e-15 -2.6318031759415267987075797e-16 1.7982974637047094413441960e-15 
6.5858539665290553965535810e-16 -5.2125318511706267683893538e-16 -6.8144648910034683503529928e-16 -5.6638837986232643210150640e-16 -4.9725523614528087239769439e-16 6.2734526347082201987382226e-16 2.4405421893522846433022825e-18 -1.7547802598808102575971434e-16 9.9800254559573195983696126e-16 -2.5162151778026237797175235e-15 
9.0820217428099001517125075e-16 4.0681109710743983538125710e-16 -1.3723925000126691725599315e-02 9.8676731684437790637076660e-01 4.2092677850070266711809175e-17 -3.5474233103394046048854346e-16 -1.8647989083483854886637868e-16 2.5629199358250018317055905e-16 -1.0391654146740705990695413e-16 2.1498742980478726063501955e-16 
-1.6666510882619296400169540e-18 1.1983429102524128413659681e-16 4.2005932738347941547786179e-16 7.1951908185206236291249845e-16 6.4528407583522774459837177e-16 1.1575156521171939219641648e-15 1.0933079908430072046554764e-17 -7.8610207546254278884249938e-16 -8.2600206113993330473001770e-17 -1.1302962197262155046965620e-15 
-1.5041786454413288906318537e-16 -3.8881377085085798940578135e-16 8.7370205852771472643627677e-17 -2.9131078878564243710050727e-17 4.8988923556496935982780239e-16 -5.5319226726314659175795584e-16 -2.2635446706230462317949835e-16 -2.4559483971597456485323667e-15 8.3065333433277703523156532e-03 -5.9725010297216074572901334e-01 
-4.6906939821412936751177376e-19 3.3726674510729295950668218e-17 
